solid tet_mesh
facet normal 0 0 0
    outer loop
        vertex 0.0 0.0 0.0
        vertex 0.021597949306473324 0.028209477967541394 -0.01237072163097211
        vertex 0.012694956126428666 0.0015556585849862761 -0.017730823768324636
    endloop
endfacet
facet normal 0 0 0
    outer loop
        vertex 0.021597949306473324 0.028209477967541394 -0.01237072163097211
        vertex 0.02889177470049281 -0.000675360398509695 0.002121744610715178
        vertex 0.012694956126428666 0.0015556585849862761 -0.017730823768324636
    endloop
endfacet
facet normal 0 0 0
    outer loop
        vertex 0.021597949306473324 0.028209477967541394 -0.01237072163097211
        vertex 0.0 0.0 0.0
        vertex 0.02889177470049281 -0.000675360398509695 0.002121744610715178
    endloop
endfacet
facet normal 0 0 0
    outer loop
        vertex 0.0 0.0 0.0
        vertex 0.012694956126428666 0.0015556585849862761 -0.017730823768324636
        vertex 0.02889177470049281 -0.000675360398509695 0.002121744610715178
    endloop
endfacet
facet normal 0 0 0
    outer loop
        vertex 0.0 0.0 0.0
        vertex 0.0 0.0 0.025
        vertex 0.0 0.025 0.025
    endloop
endfacet
facet normal 0 0 0
    outer loop
        vertex 0.0 0.0 0.025
        vertex 0.02889177470049281 -0.000675360398509695 0.002121744610715178
        vertex 0.0 0.025 0.025
    endloop
endfacet
facet normal 0 0 0
    outer loop
        vertex 0.0 0.0 0.025
        vertex 0.0 0.0 0.0
        vertex 0.02889177470049281 -0.000675360398509695 0.002121744610715178
    endloop
endfacet
facet normal 0 0 0
    outer loop
        vertex 0.0 0.0 0.0
        vertex 0.0 0.025 0.025
        vertex 0.02889177470049281 -0.000675360398509695 0.002121744610715178
    endloop
endfacet
facet normal 0 0 0
    outer loop
        vertex 0.0 0.0 0.0
        vertex 0.021597949306473324 0.028209477967541394 -0.01237072163097211
        vertex 0.02889177470049281 -0.000675360398509695 0.002121744610715178
    endloop
endfacet
facet normal 0 0 0
    outer loop
        vertex 0.021597949306473324 0.028209477967541394 -0.01237072163097211
        vertex 0.0 0.025 0.025
        vertex 0.02889177470049281 -0.000675360398509695 0.002121744610715178
    endloop
endfacet
facet normal 0 0 0
    outer loop
        vertex 0.021597949306473324 0.028209477967541394 -0.01237072163097211
        vertex 0.0 0.0 0.0
        vertex 0.0 0.025 0.025
    endloop
endfacet
facet normal 0 0 0
    outer loop
        vertex 0.0 0.0 0.0
        vertex 0.02889177470049281 -0.000675360398509695 0.002121744610715178
        vertex 0.0 0.025 0.025
    endloop
endfacet
facet normal 0 0 0
    outer loop
        vertex 0.021597949306473324 0.028209477967541394 -0.01237072163097211
        vertex 0.03539886334799238 0.018700538933109908 -0.0003026929180141892
        vertex 0.02889177470049281 -0.000675360398509695 0.002121744610715178
    endloop
endfacet
facet normal 0 0 0
    outer loop
        vertex 0.03539886334799238 0.018700538933109908 -0.0003026929180141892
        vertex 0.0 0.025 0.025
        vertex 0.02889177470049281 -0.000675360398509695 0.002121744610715178
    endloop
endfacet
facet normal 0 0 0
    outer loop
        vertex 0.03539886334799238 0.018700538933109908 -0.0003026929180141892
        vertex 0.021597949306473324 0.028209477967541394 -0.01237072163097211
        vertex 0.0 0.025 0.025
    endloop
endfacet
facet normal 0 0 0
    outer loop
        vertex 0.021597949306473324 0.028209477967541394 -0.01237072163097211
        vertex 0.02889177470049281 -0.000675360398509695 0.002121744610715178
        vertex 0.0 0.025 0.025
    endloop
endfacet
facet normal 0 0 0
    outer loop
        vertex 0.0 0.0 0.0
        vertex 0.0 0.025 0.025
        vertex 0.0 0.025 0.0
    endloop
endfacet
facet normal 0 0 0
    outer loop
        vertex 0.0 0.025 0.025
        vertex 0.021597949306473324 0.028209477967541394 -0.01237072163097211
        vertex 0.0 0.025 0.0
    endloop
endfacet
facet normal 0 0 0
    outer loop
        vertex 0.0 0.025 0.025
        vertex 0.0 0.0 0.0
        vertex 0.021597949306473324 0.028209477967541394 -0.01237072163097211
    endloop
endfacet
facet normal 0 0 0
    outer loop
        vertex 0.0 0.0 0.0
        vertex 0.0 0.025 0.0
        vertex 0.021597949306473324 0.028209477967541394 -0.01237072163097211
    endloop
endfacet
facet normal 0 0 0
    outer loop
        vertex 0.012694956126428666 0.0015556585849862761 -0.017730823768324636
        vertex 0.029549141217614833 0.025366928072801727 -0.03931425193864757
        vertex 0.021196168242624904 0.001711855908111364 -0.04195497475467427
    endloop
endfacet
facet normal 0 0 0
    outer loop
        vertex 0.029549141217614833 0.025366928072801727 -0.03931425193864757
        vertex 0.04258230565124619 -0.0036912006829262294 -0.03105554634542177
        vertex 0.021196168242624904 0.001711855908111364 -0.04195497475467427
    endloop
endfacet
facet normal 0 0 0
    outer loop
        vertex 0.029549141217614833 0.025366928072801727 -0.03931425193864757
        vertex 0.012694956126428666 0.0015556585849862761 -0.017730823768324636
        vertex 0.04258230565124619 -0.0036912006829262294 -0.03105554634542177
    endloop
endfacet
facet normal 0 0 0
    outer loop
        vertex 0.012694956126428666 0.0015556585849862761 -0.017730823768324636
        vertex 0.021196168242624904 0.001711855908111364 -0.04195497475467427
        vertex 0.04258230565124619 -0.0036912006829262294 -0.03105554634542177
    endloop
endfacet
facet normal 0 0 0
    outer loop
        vertex 0.012694956126428666 0.0015556585849862761 -0.017730823768324636
        vertex 0.02889177470049281 -0.000675360398509695 0.002121744610715178
        vertex 0.03539886334799238 0.018700538933109908 -0.0003026929180141892
    endloop
endfacet
facet normal 0 0 0
    outer loop
        vertex 0.02889177470049281 -0.000675360398509695 0.002121744610715178
        vertex 0.04258230565124619 -0.0036912006829262294 -0.03105554634542177
        vertex 0.03539886334799238 0.018700538933109908 -0.0003026929180141892
    endloop
endfacet
facet normal 0 0 0
    outer loop
        vertex 0.02889177470049281 -0.000675360398509695 0.002121744610715178
        vertex 0.012694956126428666 0.0015556585849862761 -0.017730823768324636
        vertex 0.04258230565124619 -0.0036912006829262294 -0.03105554634542177
    endloop
endfacet
facet normal 0 0 0
    outer loop
        vertex 0.012694956126428666 0.0015556585849862761 -0.017730823768324636
        vertex 0.03539886334799238 0.018700538933109908 -0.0003026929180141892
        vertex 0.04258230565124619 -0.0036912006829262294 -0.03105554634542177
    endloop
endfacet
facet normal 0 0 0
    outer loop
        vertex 0.012694956126428666 0.0015556585849862761 -0.017730823768324636
        vertex 0.029549141217614833 0.025366928072801727 -0.03931425193864757
        vertex 0.04258230565124619 -0.0036912006829262294 -0.03105554634542177
    endloop
endfacet
facet normal 0 0 0
    outer loop
        vertex 0.029549141217614833 0.025366928072801727 -0.03931425193864757
        vertex 0.03539886334799238 0.018700538933109908 -0.0003026929180141892
        vertex 0.04258230565124619 -0.0036912006829262294 -0.03105554634542177
    endloop
endfacet
facet normal 0 0 0
    outer loop
        vertex 0.029549141217614833 0.025366928072801727 -0.03931425193864757
        vertex 0.012694956126428666 0.0015556585849862761 -0.017730823768324636
        vertex 0.03539886334799238 0.018700538933109908 -0.0003026929180141892
    endloop
endfacet
facet normal 0 0 0
    outer loop
        vertex 0.012694956126428666 0.0015556585849862761 -0.017730823768324636
        vertex 0.04258230565124619 -0.0036912006829262294 -0.03105554634542177
        vertex 0.03539886334799238 0.018700538933109908 -0.0003026929180141892
    endloop
endfacet
facet normal 0 0 0
    outer loop
        vertex 0.029549141217614833 0.025366928072801727 -0.03931425193864757
        vertex 0.0486996810488915 0.0172075040593769 -0.032482343834756455
        vertex 0.04258230565124619 -0.0036912006829262294 -0.03105554634542177
    endloop
endfacet
facet normal 0 0 0
    outer loop
        vertex 0.0486996810488915 0.0172075040593769 -0.032482343834756455
        vertex 0.03539886334799238 0.018700538933109908 -0.0003026929180141892
        vertex 0.04258230565124619 -0.0036912006829262294 -0.03105554634542177
    endloop
endfacet
facet normal 0 0 0
    outer loop
        vertex 0.0486996810488915 0.0172075040593769 -0.032482343834756455
        vertex 0.029549141217614833 0.025366928072801727 -0.03931425193864757
        vertex 0.03539886334799238 0.018700538933109908 -0.0003026929180141892
    endloop
endfacet
facet normal 0 0 0
    outer loop
        vertex 0.029549141217614833 0.025366928072801727 -0.03931425193864757
        vertex 0.04258230565124619 -0.0036912006829262294 -0.03105554634542177
        vertex 0.03539886334799238 0.018700538933109908 -0.0003026929180141892
    endloop
endfacet
facet normal 0 0 0
    outer loop
        vertex 0.012694956126428666 0.0015556585849862761 -0.017730823768324636
        vertex 0.03539886334799238 0.018700538933109908 -0.0003026929180141892
        vertex 0.021597949306473324 0.028209477967541394 -0.01237072163097211
    endloop
endfacet
facet normal 0 0 0
    outer loop
        vertex 0.03539886334799238 0.018700538933109908 -0.0003026929180141892
        vertex 0.029549141217614833 0.025366928072801727 -0.03931425193864757
        vertex 0.021597949306473324 0.028209477967541394 -0.01237072163097211
    endloop
endfacet
facet normal 0 0 0
    outer loop
        vertex 0.03539886334799238 0.018700538933109908 -0.0003026929180141892
        vertex 0.012694956126428666 0.0015556585849862761 -0.017730823768324636
        vertex 0.029549141217614833 0.025366928072801727 -0.03931425193864757
    endloop
endfacet
facet normal 0 0 0
    outer loop
        vertex 0.012694956126428666 0.0015556585849862761 -0.017730823768324636
        vertex 0.021597949306473324 0.028209477967541394 -0.01237072163097211
        vertex 0.029549141217614833 0.025366928072801727 -0.03931425193864757
    endloop
endfacet
facet normal 0 0 0
    outer loop
        vertex 0.021196168242624904 0.001711855908111364 -0.04195497475467427
        vertex 0.034267451052547644 0.02367420323351482 -0.06798844810778211
        vertex 0.026836648316779232 0.0010288818818105603 -0.06965441561665024
    endloop
endfacet
facet normal 0 0 0
    outer loop
        vertex 0.034267451052547644 0.02367420323351482 -0.06798844810778211
        vertex 0.0486713302322298 -0.005599685832559386 -0.061803420977779126
        vertex 0.026836648316779232 0.0010288818818105603 -0.06965441561665024
    endloop
endfacet
facet normal 0 0 0
    outer loop
        vertex 0.034267451052547644 0.02367420323351482 -0.06798844810778211
        vertex 0.021196168242624904 0.001711855908111364 -0.04195497475467427
        vertex 0.0486713302322298 -0.005599685832559386 -0.061803420977779126
    endloop
endfacet
facet normal 0 0 0
    outer loop
        vertex 0.021196168242624904 0.001711855908111364 -0.04195497475467427
        vertex 0.026836648316779232 0.0010288818818105603 -0.06965441561665024
        vertex 0.0486713302322298 -0.005599685832559386 -0.061803420977779126
    endloop
endfacet
facet normal 0 0 0
    outer loop
        vertex 0.021196168242624904 0.001711855908111364 -0.04195497475467427
        vertex 0.04258230565124619 -0.0036912006829262294 -0.03105554634542177
        vertex 0.0486996810488915 0.0172075040593769 -0.032482343834756455
    endloop
endfacet
facet normal 0 0 0
    outer loop
        vertex 0.04258230565124619 -0.0036912006829262294 -0.03105554634542177
        vertex 0.0486713302322298 -0.005599685832559386 -0.061803420977779126
        vertex 0.0486996810488915 0.0172075040593769 -0.032482343834756455
    endloop
endfacet
facet normal 0 0 0
    outer loop
        vertex 0.04258230565124619 -0.0036912006829262294 -0.03105554634542177
        vertex 0.021196168242624904 0.001711855908111364 -0.04195497475467427
        vertex 0.0486713302322298 -0.005599685832559386 -0.061803420977779126
    endloop
endfacet
facet normal 0 0 0
    outer loop
        vertex 0.021196168242624904 0.001711855908111364 -0.04195497475467427
        vertex 0.0486996810488915 0.0172075040593769 -0.032482343834756455
        vertex 0.0486713302322298 -0.005599685832559386 -0.061803420977779126
    endloop
endfacet
facet normal 0 0 0
    outer loop
        vertex 0.021196168242624904 0.001711855908111364 -0.04195497475467427
        vertex 0.034267451052547644 0.02367420323351482 -0.06798844810778211
        vertex 0.0486713302322298 -0.005599685832559386 -0.061803420977779126
    endloop
endfacet
facet normal 0 0 0
    outer loop
        vertex 0.034267451052547644 0.02367420323351482 -0.06798844810778211
        vertex 0.0486996810488915 0.0172075040593769 -0.032482343834756455
        vertex 0.0486713302322298 -0.005599685832559386 -0.061803420977779126
    endloop
endfacet
facet normal 0 0 0
    outer loop
        vertex 0.034267451052547644 0.02367420323351482 -0.06798844810778211
        vertex 0.021196168242624904 0.001711855908111364 -0.04195497475467427
        vertex 0.0486996810488915 0.0172075040593769 -0.032482343834756455
    endloop
endfacet
facet normal 0 0 0
    outer loop
        vertex 0.021196168242624904 0.001711855908111364 -0.04195497475467427
        vertex 0.0486713302322298 -0.005599685832559386 -0.061803420977779126
        vertex 0.0486996810488915 0.0172075040593769 -0.032482343834756455
    endloop
endfacet
facet normal 0 0 0
    outer loop
        vertex 0.034267451052547644 0.02367420323351482 -0.06798844810778211
        vertex 0.055372090970799946 0.016303941829188512 -0.06274860885798275
        vertex 0.0486713302322298 -0.005599685832559386 -0.061803420977779126
    endloop
endfacet
facet normal 0 0 0
    outer loop
        vertex 0.055372090970799946 0.016303941829188512 -0.06274860885798275
        vertex 0.0486996810488915 0.0172075040593769 -0.032482343834756455
        vertex 0.0486713302322298 -0.005599685832559386 -0.061803420977779126
    endloop
endfacet
facet normal 0 0 0
    outer loop
        vertex 0.055372090970799946 0.016303941829188512 -0.06274860885798275
        vertex 0.034267451052547644 0.02367420323351482 -0.06798844810778211
        vertex 0.0486996810488915 0.0172075040593769 -0.032482343834756455
    endloop
endfacet
facet normal 0 0 0
    outer loop
        vertex 0.034267451052547644 0.02367420323351482 -0.06798844810778211
        vertex 0.0486713302322298 -0.005599685832559386 -0.061803420977779126
        vertex 0.0486996810488915 0.0172075040593769 -0.032482343834756455
    endloop
endfacet
facet normal 0 0 0
    outer loop
        vertex 0.021196168242624904 0.001711855908111364 -0.04195497475467427
        vertex 0.0486996810488915 0.0172075040593769 -0.032482343834756455
        vertex 0.029549141217614833 0.025366928072801727 -0.03931425193864757
    endloop
endfacet
facet normal 0 0 0
    outer loop
        vertex 0.0486996810488915 0.0172075040593769 -0.032482343834756455
        vertex 0.034267451052547644 0.02367420323351482 -0.06798844810778211
        vertex 0.029549141217614833 0.025366928072801727 -0.03931425193864757
    endloop
endfacet
facet normal 0 0 0
    outer loop
        vertex 0.0486996810488915 0.0172075040593769 -0.032482343834756455
        vertex 0.021196168242624904 0.001711855908111364 -0.04195497475467427
        vertex 0.034267451052547644 0.02367420323351482 -0.06798844810778211
    endloop
endfacet
facet normal 0 0 0
    outer loop
        vertex 0.021196168242624904 0.001711855908111364 -0.04195497475467427
        vertex 0.029549141217614833 0.025366928072801727 -0.03931425193864757
        vertex 0.034267451052547644 0.02367420323351482 -0.06798844810778211
    endloop
endfacet
facet normal 0 0 0
    outer loop
        vertex 0.026836648316779232 0.0010288818818105603 -0.06965441561665024
        vertex 0.039003990359340546 0.0223870466228442 -0.09647652259977027
        vertex 0.03179049621714128 -0.00015511657959975123 -0.09764318484363904
    endloop
endfacet
facet normal 0 0 0
    outer loop
        vertex 0.039003990359340546 0.0223870466228442 -0.09647652259977027
        vertex 0.05374303965722771 -0.007374895324894166 -0.09049009560590851
        vertex 0.03179049621714128 -0.00015511657959975123 -0.09764318484363904
    endloop
endfacet
facet normal 0 0 0
    outer loop
        vertex 0.039003990359340546 0.0223870466228442 -0.09647652259977027
        vertex 0.026836648316779232 0.0010288818818105603 -0.06965441561665024
        vertex 0.05374303965722771 -0.007374895324894166 -0.09049009560590851
    endloop
endfacet
facet normal 0 0 0
    outer loop
        vertex 0.026836648316779232 0.0010288818818105603 -0.06965441561665024
        vertex 0.03179049621714128 -0.00015511657959975123 -0.09764318484363904
        vertex 0.05374303965722771 -0.007374895324894166 -0.09049009560590851
    endloop
endfacet
facet normal 0 0 0
    outer loop
        vertex 0.026836648316779232 0.0010288818818105603 -0.06965441561665024
        vertex 0.0486713302322298 -0.005599685832559386 -0.061803420977779126
        vertex 0.055372090970799946 0.016303941829188512 -0.06274860885798275
    endloop
endfacet
facet normal 0 0 0
    outer loop
        vertex 0.0486713302322298 -0.005599685832559386 -0.061803420977779126
        vertex 0.05374303965722771 -0.007374895324894166 -0.09049009560590851
        vertex 0.055372090970799946 0.016303941829188512 -0.06274860885798275
    endloop
endfacet
facet normal 0 0 0
    outer loop
        vertex 0.0486713302322298 -0.005599685832559386 -0.061803420977779126
        vertex 0.026836648316779232 0.0010288818818105603 -0.06965441561665024
        vertex 0.05374303965722771 -0.007374895324894166 -0.09049009560590851
    endloop
endfacet
facet normal 0 0 0
    outer loop
        vertex 0.026836648316779232 0.0010288818818105603 -0.06965441561665024
        vertex 0.055372090970799946 0.016303941829188512 -0.06274860885798275
        vertex 0.05374303965722771 -0.007374895324894166 -0.09049009560590851
    endloop
endfacet
facet normal 0 0 0
    outer loop
        vertex 0.026836648316779232 0.0010288818818105603 -0.06965441561665024
        vertex 0.039003990359340546 0.0223870466228442 -0.09647652259977027
        vertex 0.05374303965722771 -0.007374895324894166 -0.09049009560590851
    endloop
endfacet
facet normal 0 0 0
    outer loop
        vertex 0.039003990359340546 0.0223870466228442 -0.09647652259977027
        vertex 0.055372090970799946 0.016303941829188512 -0.06274860885798275
        vertex 0.05374303965722771 -0.007374895324894166 -0.09049009560590851
    endloop
endfacet
facet normal 0 0 0
    outer loop
        vertex 0.039003990359340546 0.0223870466228442 -0.09647652259977027
        vertex 0.026836648316779232 0.0010288818818105603 -0.06965441561665024
        vertex 0.055372090970799946 0.016303941829188512 -0.06274860885798275
    endloop
endfacet
facet normal 0 0 0
    outer loop
        vertex 0.026836648316779232 0.0010288818818105603 -0.06965441561665024
        vertex 0.05374303965722771 -0.007374895324894166 -0.09049009560590851
        vertex 0.055372090970799946 0.016303941829188512 -0.06274860885798275
    endloop
endfacet
facet normal 0 0 0
    outer loop
        vertex 0.039003990359340546 0.0223870466228442 -0.09647652259977027
        vertex 0.06081069595699819 0.015279123658171617 -0.09106462316528655
        vertex 0.05374303965722771 -0.007374895324894166 -0.09049009560590851
    endloop
endfacet
facet normal 0 0 0
    outer loop
        vertex 0.06081069595699819 0.015279123658171617 -0.09106462316528655
        vertex 0.055372090970799946 0.016303941829188512 -0.06274860885798275
        vertex 0.05374303965722771 -0.007374895324894166 -0.09049009560590851
    endloop
endfacet
facet normal 0 0 0
    outer loop
        vertex 0.06081069595699819 0.015279123658171617 -0.09106462316528655
        vertex 0.039003990359340546 0.0223870466228442 -0.09647652259977027
        vertex 0.055372090970799946 0.016303941829188512 -0.06274860885798275
    endloop
endfacet
facet normal 0 0 0
    outer loop
        vertex 0.039003990359340546 0.0223870466228442 -0.09647652259977027
        vertex 0.05374303965722771 -0.007374895324894166 -0.09049009560590851
        vertex 0.055372090970799946 0.016303941829188512 -0.06274860885798275
    endloop
endfacet
facet normal 0 0 0
    outer loop
        vertex 0.026836648316779232 0.0010288818818105603 -0.06965441561665024
        vertex 0.055372090970799946 0.016303941829188512 -0.06274860885798275
        vertex 0.034267451052547644 0.02367420323351482 -0.06798844810778211
    endloop
endfacet
facet normal 0 0 0
    outer loop
        vertex 0.055372090970799946 0.016303941829188512 -0.06274860885798275
        vertex 0.039003990359340546 0.0223870466228442 -0.09647652259977027
        vertex 0.034267451052547644 0.02367420323351482 -0.06798844810778211
    endloop
endfacet
facet normal 0 0 0
    outer loop
        vertex 0.055372090970799946 0.016303941829188512 -0.06274860885798275
        vertex 0.026836648316779232 0.0010288818818105603 -0.06965441561665024
        vertex 0.039003990359340546 0.0223870466228442 -0.09647652259977027
    endloop
endfacet
facet normal 0 0 0
    outer loop
        vertex 0.026836648316779232 0.0010288818818105603 -0.06965441561665024
        vertex 0.034267451052547644 0.02367420323351482 -0.06798844810778211
        vertex 0.039003990359340546 0.0223870466228442 -0.09647652259977027
    endloop
endfacet
facet normal 0 0 0
    outer loop
        vertex 0.03179049621714128 -0.00015511657959975123 -0.09764318484363904
        vertex 0.04440964420576625 0.020951587765042808 -0.12417413130339988
        vertex 0.0372484560919505 -0.0017013203489986135 -0.12506675546062157
    endloop
endfacet
facet normal 0 0 0
    outer loop
        vertex 0.04440964420576625 0.020951587765042808 -0.12417413130339988
        vertex 0.059177244848607286 -0.009228669301848461 -0.11748443523914426
        vertex 0.0372484560919505 -0.0017013203489986135 -0.12506675546062157
    endloop
endfacet
facet normal 0 0 0
    outer loop
        vertex 0.04440964420576625 0.020951587765042808 -0.12417413130339988
        vertex 0.03179049621714128 -0.00015511657959975123 -0.09764318484363904
        vertex 0.059177244848607286 -0.009228669301848461 -0.11748443523914426
    endloop
endfacet
facet normal 0 0 0
    outer loop
        vertex 0.03179049621714128 -0.00015511657959975123 -0.09764318484363904
        vertex 0.0372484560919505 -0.0017013203489986135 -0.12506675546062157
        vertex 0.059177244848607286 -0.009228669301848461 -0.11748443523914426
    endloop
endfacet
facet normal 0 0 0
    outer loop
        vertex 0.03179049621714128 -0.00015511657959975123 -0.09764318484363904
        vertex 0.05374303965722771 -0.007374895324894166 -0.09049009560590851
        vertex 0.06081069595699819 0.015279123658171617 -0.09106462316528655
    endloop
endfacet
facet normal 0 0 0
    outer loop
        vertex 0.05374303965722771 -0.007374895324894166 -0.09049009560590851
        vertex 0.059177244848607286 -0.009228669301848461 -0.11748443523914426
        vertex 0.06081069595699819 0.015279123658171617 -0.09106462316528655
    endloop
endfacet
facet normal 0 0 0
    outer loop
        vertex 0.05374303965722771 -0.007374895324894166 -0.09049009560590851
        vertex 0.03179049621714128 -0.00015511657959975123 -0.09764318484363904
        vertex 0.059177244848607286 -0.009228669301848461 -0.11748443523914426
    endloop
endfacet
facet normal 0 0 0
    outer loop
        vertex 0.03179049621714128 -0.00015511657959975123 -0.09764318484363904
        vertex 0.06081069595699819 0.015279123658171617 -0.09106462316528655
        vertex 0.059177244848607286 -0.009228669301848461 -0.11748443523914426
    endloop
endfacet
facet normal 0 0 0
    outer loop
        vertex 0.03179049621714128 -0.00015511657959975123 -0.09764318484363904
        vertex 0.04440964420576625 0.020951587765042808 -0.12417413130339988
        vertex 0.059177244848607286 -0.009228669301848461 -0.11748443523914426
    endloop
endfacet
facet normal 0 0 0
    outer loop
        vertex 0.04440964420576625 0.020951587765042808 -0.12417413130339988
        vertex 0.06081069595699819 0.015279123658171617 -0.09106462316528655
        vertex 0.059177244848607286 -0.009228669301848461 -0.11748443523914426
    endloop
endfacet
facet normal 0 0 0
    outer loop
        vertex 0.04440964420576625 0.020951587765042808 -0.12417413130339988
        vertex 0.03179049621714128 -0.00015511657959975123 -0.09764318484363904
        vertex 0.06081069595699819 0.015279123658171617 -0.09106462316528655
    endloop
endfacet
facet normal 0 0 0
    outer loop
        vertex 0.03179049621714128 -0.00015511657959975123 -0.09764318484363904
        vertex 0.059177244848607286 -0.009228669301848461 -0.11748443523914426
        vertex 0.06081069595699819 0.015279123658171617 -0.09106462316528655
    endloop
endfacet
facet normal 0 0 0
    outer loop
        vertex 0.04440964420576625 0.020951587765042808 -0.12417413130339988
        vertex 0.06652340200890815 0.013960091184361813 -0.11772392468190918
        vertex 0.059177244848607286 -0.009228669301848461 -0.11748443523914426
    endloop
endfacet
facet normal 0 0 0
    outer loop
        vertex 0.06652340200890815 0.013960091184361813 -0.11772392468190918
        vertex 0.06081069595699819 0.015279123658171617 -0.09106462316528655
        vertex 0.059177244848607286 -0.009228669301848461 -0.11748443523914426
    endloop
endfacet
facet normal 0 0 0
    outer loop
        vertex 0.06652340200890815 0.013960091184361813 -0.11772392468190918
        vertex 0.04440964420576625 0.020951587765042808 -0.12417413130339988
        vertex 0.06081069595699819 0.015279123658171617 -0.09106462316528655
    endloop
endfacet
facet normal 0 0 0
    outer loop
        vertex 0.04440964420576625 0.020951587765042808 -0.12417413130339988
        vertex 0.059177244848607286 -0.009228669301848461 -0.11748443523914426
        vertex 0.06081069595699819 0.015279123658171617 -0.09106462316528655
    endloop
endfacet
facet normal 0 0 0
    outer loop
        vertex 0.03179049621714128 -0.00015511657959975123 -0.09764318484363904
        vertex 0.06081069595699819 0.015279123658171617 -0.09106462316528655
        vertex 0.039003990359340546 0.0223870466228442 -0.09647652259977027
    endloop
endfacet
facet normal 0 0 0
    outer loop
        vertex 0.06081069595699819 0.015279123658171617 -0.09106462316528655
        vertex 0.04440964420576625 0.020951587765042808 -0.12417413130339988
        vertex 0.039003990359340546 0.0223870466228442 -0.09647652259977027
    endloop
endfacet
facet normal 0 0 0
    outer loop
        vertex 0.06081069595699819 0.015279123658171617 -0.09106462316528655
        vertex 0.03179049621714128 -0.00015511657959975123 -0.09764318484363904
        vertex 0.04440964420576625 0.020951587765042808 -0.12417413130339988
    endloop
endfacet
facet normal 0 0 0
    outer loop
        vertex 0.03179049621714128 -0.00015511657959975123 -0.09764318484363904
        vertex 0.039003990359340546 0.0223870466228442 -0.09647652259977027
        vertex 0.04440964420576625 0.020951587765042808 -0.12417413130339988
    endloop
endfacet
facet normal 0 0 0
    outer loop
        vertex 0.0372484560919505 -0.0017013203489986135 -0.12506675546062157
        vertex 0.05107449002801351 0.0192541820121596 -0.15076105937166473
        vertex 0.04386152212884446 -0.003651368843404255 -0.1514031345481937
    endloop
endfacet
facet normal 0 0 0
    outer loop
        vertex 0.05107449002801351 0.0192541820121596 -0.15076105937166473
        vertex 0.06569354451149485 -0.011304605628575954 -0.1430032777297355
        vertex 0.04386152212884446 -0.003651368843404255 -0.1514031345481937
    endloop
endfacet
facet normal 0 0 0
    outer loop
        vertex 0.05107449002801351 0.0192541820121596 -0.15076105937166473
        vertex 0.0372484560919505 -0.0017013203489986135 -0.12506675546062157
        vertex 0.06569354451149485 -0.011304605628575954 -0.1430032777297355
    endloop
endfacet
facet normal 0 0 0
    outer loop
        vertex 0.0372484560919505 -0.0017013203489986135 -0.12506675546062157
        vertex 0.04386152212884446 -0.003651368843404255 -0.1514031345481937
        vertex 0.06569354451149485 -0.011304605628575954 -0.1430032777297355
    endloop
endfacet
facet normal 0 0 0
    outer loop
        vertex 0.0372484560919505 -0.0017013203489986135 -0.12506675546062157
        vertex 0.059177244848607286 -0.009228669301848461 -0.11748443523914426
        vertex 0.06652340200890815 0.013960091184361813 -0.11772392468190918
    endloop
endfacet
facet normal 0 0 0
    outer loop
        vertex 0.059177244848607286 -0.009228669301848461 -0.11748443523914426
        vertex 0.06569354451149485 -0.011304605628575954 -0.1430032777297355
        vertex 0.06652340200890815 0.013960091184361813 -0.11772392468190918
    endloop
endfacet
facet normal 0 0 0
    outer loop
        vertex 0.059177244848607286 -0.009228669301848461 -0.11748443523914426
        vertex 0.0372484560919505 -0.0017013203489986135 -0.12506675546062157
        vertex 0.06569354451149485 -0.011304605628575954 -0.1430032777297355
    endloop
endfacet
facet normal 0 0 0
    outer loop
        vertex 0.0372484560919505 -0.0017013203489986135 -0.12506675546062157
        vertex 0.06652340200890815 0.013960091184361813 -0.11772392468190918
        vertex 0.06569354451149485 -0.011304605628575954 -0.1430032777297355
    endloop
endfacet
facet normal 0 0 0
    outer loop
        vertex 0.0372484560919505 -0.0017013203489986135 -0.12506675546062157
        vertex 0.05107449002801351 0.0192541820121596 -0.15076105937166473
        vertex 0.06569354451149485 -0.011304605628575954 -0.1430032777297355
    endloop
endfacet
facet normal 0 0 0
    outer loop
        vertex 0.05107449002801351 0.0192541820121596 -0.15076105937166473
        vertex 0.06652340200890815 0.013960091184361813 -0.11772392468190918
        vertex 0.06569354451149485 -0.011304605628575954 -0.1430032777297355
    endloop
endfacet
facet normal 0 0 0
    outer loop
        vertex 0.05107449002801351 0.0192541820121596 -0.15076105937166473
        vertex 0.0372484560919505 -0.0017013203489986135 -0.12506675546062157
        vertex 0.06652340200890815 0.013960091184361813 -0.11772392468190918
    endloop
endfacet
facet normal 0 0 0
    outer loop
        vertex 0.0372484560919505 -0.0017013203489986135 -0.12506675546062157
        vertex 0.06569354451149485 -0.011304605628575954 -0.1430032777297355
        vertex 0.06652340200890815 0.013960091184361813 -0.11772392468190918
    endloop
endfacet
facet normal 0 0 0
    outer loop
        vertex 0.05107449002801351 0.0192541820121596 -0.15076105937166473
        vertex 0.0732549554817466 0.01222452849667427 -0.1428575263302419
        vertex 0.06569354451149485 -0.011304605628575954 -0.1430032777297355
    endloop
endfacet
facet normal 0 0 0
    outer loop
        vertex 0.0732549554817466 0.01222452849667427 -0.1428575263302419
        vertex 0.06652340200890815 0.013960091184361813 -0.11772392468190918
        vertex 0.06569354451149485 -0.011304605628575954 -0.1430032777297355
    endloop
endfacet
facet normal 0 0 0
    outer loop
        vertex 0.0732549554817466 0.01222452849667427 -0.1428575263302419
        vertex 0.05107449002801351 0.0192541820121596 -0.15076105937166473
        vertex 0.06652340200890815 0.013960091184361813 -0.11772392468190918
    endloop
endfacet
facet normal 0 0 0
    outer loop
        vertex 0.05107449002801351 0.0192541820121596 -0.15076105937166473
        vertex 0.06569354451149485 -0.011304605628575954 -0.1430032777297355
        vertex 0.06652340200890815 0.013960091184361813 -0.11772392468190918
    endloop
endfacet
facet normal 0 0 0
    outer loop
        vertex 0.0372484560919505 -0.0017013203489986135 -0.12506675546062157
        vertex 0.06652340200890815 0.013960091184361813 -0.11772392468190918
        vertex 0.04440964420576625 0.020951587765042808 -0.12417413130339988
    endloop
endfacet
facet normal 0 0 0
    outer loop
        vertex 0.06652340200890815 0.013960091184361813 -0.11772392468190918
        vertex 0.05107449002801351 0.0192541820121596 -0.15076105937166473
        vertex 0.04440964420576625 0.020951587765042808 -0.12417413130339988
    endloop
endfacet
facet normal 0 0 0
    outer loop
        vertex 0.06652340200890815 0.013960091184361813 -0.11772392468190918
        vertex 0.0372484560919505 -0.0017013203489986135 -0.12506675546062157
        vertex 0.05107449002801351 0.0192541820121596 -0.15076105937166473
    endloop
endfacet
facet normal 0 0 0
    outer loop
        vertex 0.0372484560919505 -0.0017013203489986135 -0.12506675546062157
        vertex 0.04440964420576625 0.020951587765042808 -0.12417413130339988
        vertex 0.05107449002801351 0.0192541820121596 -0.15076105937166473
    endloop
endfacet
facet normal 0 0 0
    outer loop
        vertex 0.04386152212884446 -0.003651368843404255 -0.1514031345481937
        vertex 0.05918327346053255 0.017241675360701144 -0.1759357679546506
        vertex 0.051994419217530466 -0.005836128115753418 -0.17646827393145056
    endloop
endfacet
facet normal 0 0 0
    outer loop
        vertex 0.05918327346053255 0.017241675360701144 -0.1759357679546506
        vertex 0.07362051575801899 -0.013573219910188119 -0.16726358733397687
        vertex 0.051994419217530466 -0.005836128115753418 -0.17646827393145056
    endloop
endfacet
facet normal 0 0 0
    outer loop
        vertex 0.05918327346053255 0.017241675360701144 -0.1759357679546506
        vertex 0.04386152212884446 -0.003651368843404255 -0.1514031345481937
        vertex 0.07362051575801899 -0.013573219910188119 -0.16726358733397687
    endloop
endfacet
facet normal 0 0 0
    outer loop
        vertex 0.04386152212884446 -0.003651368843404255 -0.1514031345481937
        vertex 0.051994419217530466 -0.005836128115753418 -0.17646827393145056
        vertex 0.07362051575801899 -0.013573219910188119 -0.16726358733397687
    endloop
endfacet
facet normal 0 0 0
    outer loop
        vertex 0.04386152212884446 -0.003651368843404255 -0.1514031345481937
        vertex 0.06569354451149485 -0.011304605628575954 -0.1430032777297355
        vertex 0.0732549554817466 0.01222452849667427 -0.1428575263302419
    endloop
endfacet
facet normal 0 0 0
    outer loop
        vertex 0.06569354451149485 -0.011304605628575954 -0.1430032777297355
        vertex 0.07362051575801899 -0.013573219910188119 -0.16726358733397687
        vertex 0.0732549554817466 0.01222452849667427 -0.1428575263302419
    endloop
endfacet
facet normal 0 0 0
    outer loop
        vertex 0.06569354451149485 -0.011304605628575954 -0.1430032777297355
        vertex 0.04386152212884446 -0.003651368843404255 -0.1514031345481937
        vertex 0.07362051575801899 -0.013573219910188119 -0.16726358733397687
    endloop
endfacet
facet normal 0 0 0
    outer loop
        vertex 0.04386152212884446 -0.003651368843404255 -0.1514031345481937
        vertex 0.0732549554817466 0.01222452849667427 -0.1428575263302419
        vertex 0.07362051575801899 -0.013573219910188119 -0.16726358733397687
    endloop
endfacet
facet normal 0 0 0
    outer loop
        vertex 0.04386152212884446 -0.003651368843404255 -0.1514031345481937
        vertex 0.05918327346053255 0.017241675360701144 -0.1759357679546506
        vertex 0.07362051575801899 -0.013573219910188119 -0.16726358733397687
    endloop
endfacet
facet normal 0 0 0
    outer loop
        vertex 0.05918327346053255 0.017241675360701144 -0.1759357679546506
        vertex 0.0732549554817466 0.01222452849667427 -0.1428575263302419
        vertex 0.07362051575801899 -0.013573219910188119 -0.16726358733397687
    endloop
endfacet
facet normal 0 0 0
    outer loop
        vertex 0.05918327346053255 0.017241675360701144 -0.1759357679546506
        vertex 0.04386152212884446 -0.003651368843404255 -0.1514031345481937
        vertex 0.0732549554817466 0.01222452849667427 -0.1428575263302419
    endloop
endfacet
facet normal 0 0 0
    outer loop
        vertex 0.04386152212884446 -0.003651368843404255 -0.1514031345481937
        vertex 0.07362051575801899 -0.013573219910188119 -0.16726358733397687
        vertex 0.0732549554817466 0.01222452849667427 -0.1428575263302419
    endloop
endfacet
facet normal 0 0 0
    outer loop
        vertex 0.05918327346053255 0.017241675360701144 -0.1759357679546506
        vertex 0.08133250312919929 0.009905275823572673 -0.1666998925170916
        vertex 0.07362051575801899 -0.013573219910188119 -0.16726358733397687
    endloop
endfacet
facet normal 0 0 0
    outer loop
        vertex 0.08133250312919929 0.009905275823572673 -0.1666998925170916
        vertex 0.0732549554817466 0.01222452849667427 -0.1428575263302419
        vertex 0.07362051575801899 -0.013573219910188119 -0.16726358733397687
    endloop
endfacet
facet normal 0 0 0
    outer loop
        vertex 0.08133250312919929 0.009905275823572673 -0.1666998925170916
        vertex 0.05918327346053255 0.017241675360701144 -0.1759357679546506
        vertex 0.0732549554817466 0.01222452849667427 -0.1428575263302419
    endloop
endfacet
facet normal 0 0 0
    outer loop
        vertex 0.05918327346053255 0.017241675360701144 -0.1759357679546506
        vertex 0.07362051575801899 -0.013573219910188119 -0.16726358733397687
        vertex 0.0732549554817466 0.01222452849667427 -0.1428575263302419
    endloop
endfacet
facet normal 0 0 0
    outer loop
        vertex 0.04386152212884446 -0.003651368843404255 -0.1514031345481937
        vertex 0.0732549554817466 0.01222452849667427 -0.1428575263302419
        vertex 0.05107449002801351 0.0192541820121596 -0.15076105937166473
    endloop
endfacet
facet normal 0 0 0
    outer loop
        vertex 0.0732549554817466 0.01222452849667427 -0.1428575263302419
        vertex 0.05918327346053255 0.017241675360701144 -0.1759357679546506
        vertex 0.05107449002801351 0.0192541820121596 -0.15076105937166473
    endloop
endfacet
facet normal 0 0 0
    outer loop
        vertex 0.0732549554817466 0.01222452849667427 -0.1428575263302419
        vertex 0.04386152212884446 -0.003651368843404255 -0.1514031345481937
        vertex 0.05918327346053255 0.017241675360701144 -0.1759357679546506
    endloop
endfacet
facet normal 0 0 0
    outer loop
        vertex 0.04386152212884446 -0.003651368843404255 -0.1514031345481937
        vertex 0.05107449002801351 0.0192541820121596 -0.15076105937166473
        vertex 0.05918327346053255 0.017241675360701144 -0.1759357679546506
    endloop
endfacet
endsolid