solid tet_mesh
facet normal 0 0 0
    outer loop
        vertex 0.0 0.0 0.0
        vertex 0.012296993372488414 0.030080089593110204 -0.029268724299741946
        vertex -0.00560654512811146 -0.01537818282590752 -0.03227121667951803
    endloop
endfacet
facet normal 0 0 0
    outer loop
        vertex 0.012296993372488414 0.030080089593110204 -0.029268724299741946
        vertex 0.037688680795020815 0.0050773104546531275 -0.004265258866316825
        vertex -0.00560654512811146 -0.01537818282590752 -0.03227121667951803
    endloop
endfacet
facet normal 0 0 0
    outer loop
        vertex 0.012296993372488414 0.030080089593110204 -0.029268724299741946
        vertex 0.0 0.0 0.0
        vertex 0.037688680795020815 0.0050773104546531275 -0.004265258866316825
    endloop
endfacet
facet normal 0 0 0
    outer loop
        vertex 0.0 0.0 0.0
        vertex -0.00560654512811146 -0.01537818282590752 -0.03227121667951803
        vertex 0.037688680795020815 0.0050773104546531275 -0.004265258866316825
    endloop
endfacet
facet normal 0 0 0
    outer loop
        vertex 0.0 0.0 0.0
        vertex 0.0 0.0 0.025
        vertex 0.0 0.025 0.025
    endloop
endfacet
facet normal 0 0 0
    outer loop
        vertex 0.0 0.0 0.025
        vertex 0.037688680795020815 0.0050773104546531275 -0.004265258866316825
        vertex 0.0 0.025 0.025
    endloop
endfacet
facet normal 0 0 0
    outer loop
        vertex 0.0 0.0 0.025
        vertex 0.0 0.0 0.0
        vertex 0.037688680795020815 0.0050773104546531275 -0.004265258866316825
    endloop
endfacet
facet normal 0 0 0
    outer loop
        vertex 0.0 0.0 0.0
        vertex 0.0 0.025 0.025
        vertex 0.037688680795020815 0.0050773104546531275 -0.004265258866316825
    endloop
endfacet
facet normal 0 0 0
    outer loop
        vertex 0.0 0.0 0.0
        vertex 0.012296993372488414 0.030080089593110204 -0.029268724299741946
        vertex 0.037688680795020815 0.0050773104546531275 -0.004265258866316825
    endloop
endfacet
facet normal 0 0 0
    outer loop
        vertex 0.012296993372488414 0.030080089593110204 -0.029268724299741946
        vertex 0.0 0.025 0.025
        vertex 0.037688680795020815 0.0050773104546531275 -0.004265258866316825
    endloop
endfacet
facet normal 0 0 0
    outer loop
        vertex 0.012296993372488414 0.030080089593110204 -0.029268724299741946
        vertex 0.0 0.0 0.0
        vertex 0.0 0.025 0.025
    endloop
endfacet
facet normal 0 0 0
    outer loop
        vertex 0.0 0.0 0.0
        vertex 0.037688680795020815 0.0050773104546531275 -0.004265258866316825
        vertex 0.0 0.025 0.025
    endloop
endfacet
facet normal 0 0 0
    outer loop
        vertex 0.012296993372488414 0.030080089593110204 -0.029268724299741946
        vertex 0.05561072690623951 0.009629494862610773 -0.007261473838033772
        vertex 0.037688680795020815 0.0050773104546531275 -0.004265258866316825
    endloop
endfacet
facet normal 0 0 0
    outer loop
        vertex 0.05561072690623951 0.009629494862610773 -0.007261473838033772
        vertex 0.0 0.025 0.025
        vertex 0.037688680795020815 0.0050773104546531275 -0.004265258866316825
    endloop
endfacet
facet normal 0 0 0
    outer loop
        vertex 0.05561072690623951 0.009629494862610773 -0.007261473838033772
        vertex 0.012296993372488414 0.030080089593110204 -0.029268724299741946
        vertex 0.0 0.025 0.025
    endloop
endfacet
facet normal 0 0 0
    outer loop
        vertex 0.012296993372488414 0.030080089593110204 -0.029268724299741946
        vertex 0.037688680795020815 0.0050773104546531275 -0.004265258866316825
        vertex 0.0 0.025 0.025
    endloop
endfacet
facet normal 0 0 0
    outer loop
        vertex 0.0 0.0 0.0
        vertex 0.0 0.025 0.025
        vertex 0.0 0.025 0.0
    endloop
endfacet
facet normal 0 0 0
    outer loop
        vertex 0.0 0.025 0.025
        vertex 0.012296993372488414 0.030080089593110204 -0.029268724299741946
        vertex 0.0 0.025 0.0
    endloop
endfacet
facet normal 0 0 0
    outer loop
        vertex 0.0 0.025 0.025
        vertex 0.0 0.0 0.0
        vertex 0.012296993372488414 0.030080089593110204 -0.029268724299741946
    endloop
endfacet
facet normal 0 0 0
    outer loop
        vertex 0.0 0.0 0.0
        vertex 0.0 0.025 0.0
        vertex 0.012296993372488414 0.030080089593110204 -0.029268724299741946
    endloop
endfacet
facet normal 0 0 0
    outer loop
        vertex -0.00560654512811146 -0.01537818282590752 -0.03227121667951803
        vertex 0.013572235189569237 0.011723067500099526 -0.10861001231739179
        vertex -0.0034036060928677656 -0.02823956459847092 -0.11154526452123419
    endloop
endfacet
facet normal 0 0 0
    outer loop
        vertex 0.013572235189569237 0.011723067500099526 -0.10861001231739179
        vertex 0.08636536027459188 -0.013290431630317269 -0.08358272954341192
        vertex -0.0034036060928677656 -0.02823956459847092 -0.11154526452123419
    endloop
endfacet
facet normal 0 0 0
    outer loop
        vertex 0.013572235189569237 0.011723067500099526 -0.10861001231739179
        vertex -0.00560654512811146 -0.01537818282590752 -0.03227121667951803
        vertex 0.08636536027459188 -0.013290431630317269 -0.08358272954341192
    endloop
endfacet
facet normal 0 0 0
    outer loop
        vertex -0.00560654512811146 -0.01537818282590752 -0.03227121667951803
        vertex -0.0034036060928677656 -0.02823956459847092 -0.11154526452123419
        vertex 0.08636536027459188 -0.013290431630317269 -0.08358272954341192
    endloop
endfacet
facet normal 0 0 0
    outer loop
        vertex -0.00560654512811146 -0.01537818282590752 -0.03227121667951803
        vertex 0.037688680795020815 0.0050773104546531275 -0.004265258866316825
        vertex 0.05561072690623951 0.009629494862610773 -0.007261473838033772
    endloop
endfacet
facet normal 0 0 0
    outer loop
        vertex 0.037688680795020815 0.0050773104546531275 -0.004265258866316825
        vertex 0.08636536027459188 -0.013290431630317269 -0.08358272954341192
        vertex 0.05561072690623951 0.009629494862610773 -0.007261473838033772
    endloop
endfacet
facet normal 0 0 0
    outer loop
        vertex 0.037688680795020815 0.0050773104546531275 -0.004265258866316825
        vertex -0.00560654512811146 -0.01537818282590752 -0.03227121667951803
        vertex 0.08636536027459188 -0.013290431630317269 -0.08358272954341192
    endloop
endfacet
facet normal 0 0 0
    outer loop
        vertex -0.00560654512811146 -0.01537818282590752 -0.03227121667951803
        vertex 0.05561072690623951 0.009629494862610773 -0.007261473838033772
        vertex 0.08636536027459188 -0.013290431630317269 -0.08358272954341192
    endloop
endfacet
facet normal 0 0 0
    outer loop
        vertex -0.00560654512811146 -0.01537818282590752 -0.03227121667951803
        vertex 0.013572235189569237 0.011723067500099526 -0.10861001231739179
        vertex 0.08636536027459188 -0.013290431630317269 -0.08358272954341192
    endloop
endfacet
facet normal 0 0 0
    outer loop
        vertex 0.013572235189569237 0.011723067500099526 -0.10861001231739179
        vertex 0.05561072690623951 0.009629494862610773 -0.007261473838033772
        vertex 0.08636536027459188 -0.013290431630317269 -0.08358272954341192
    endloop
endfacet
facet normal 0 0 0
    outer loop
        vertex 0.013572235189569237 0.011723067500099526 -0.10861001231739179
        vertex -0.00560654512811146 -0.01537818282590752 -0.03227121667951803
        vertex 0.05561072690623951 0.009629494862610773 -0.007261473838033772
    endloop
endfacet
facet normal 0 0 0
    outer loop
        vertex -0.00560654512811146 -0.01537818282590752 -0.03227121667951803
        vertex 0.08636536027459188 -0.013290431630317269 -0.08358272954341192
        vertex 0.05561072690623951 0.009629494862610773 -0.007261473838033772
    endloop
endfacet
facet normal 0 0 0
    outer loop
        vertex 0.013572235189569237 0.011723067500099526 -0.10861001231739179
        vertex 0.1034607186250763 -0.003286593628867105 -0.08654543197411133
        vertex 0.08636536027459188 -0.013290431630317269 -0.08358272954341192
    endloop
endfacet
facet normal 0 0 0
    outer loop
        vertex 0.1034607186250763 -0.003286593628867105 -0.08654543197411133
        vertex 0.05561072690623951 0.009629494862610773 -0.007261473838033772
        vertex 0.08636536027459188 -0.013290431630317269 -0.08358272954341192
    endloop
endfacet
facet normal 0 0 0
    outer loop
        vertex 0.1034607186250763 -0.003286593628867105 -0.08654543197411133
        vertex 0.013572235189569237 0.011723067500099526 -0.10861001231739179
        vertex 0.05561072690623951 0.009629494862610773 -0.007261473838033772
    endloop
endfacet
facet normal 0 0 0
    outer loop
        vertex 0.013572235189569237 0.011723067500099526 -0.10861001231739179
        vertex 0.08636536027459188 -0.013290431630317269 -0.08358272954341192
        vertex 0.05561072690623951 0.009629494862610773 -0.007261473838033772
    endloop
endfacet
facet normal 0 0 0
    outer loop
        vertex -0.00560654512811146 -0.01537818282590752 -0.03227121667951803
        vertex 0.05561072690623951 0.009629494862610773 -0.007261473838033772
        vertex 0.012296993372488414 0.030080089593110204 -0.029268724299741946
    endloop
endfacet
facet normal 0 0 0
    outer loop
        vertex 0.05561072690623951 0.009629494862610773 -0.007261473838033772
        vertex 0.013572235189569237 0.011723067500099526 -0.10861001231739179
        vertex 0.012296993372488414 0.030080089593110204 -0.029268724299741946
    endloop
endfacet
facet normal 0 0 0
    outer loop
        vertex 0.05561072690623951 0.009629494862610773 -0.007261473838033772
        vertex -0.00560654512811146 -0.01537818282590752 -0.03227121667951803
        vertex 0.013572235189569237 0.011723067500099526 -0.10861001231739179
    endloop
endfacet
facet normal 0 0 0
    outer loop
        vertex -0.00560654512811146 -0.01537818282590752 -0.03227121667951803
        vertex 0.012296993372488414 0.030080089593110204 -0.029268724299741946
        vertex 0.013572235189569237 0.011723067500099526 -0.10861001231739179
    endloop
endfacet
facet normal 0 0 0
    outer loop
        vertex -0.0034036060928677656 -0.02823956459847092 -0.11154526452123419
        vertex 0.021791176280019947 -0.006142768010599826 -0.22779125131443367
        vertex 0.005318844134336753 -0.04106054428794034 -0.23060704353130868
    endloop
endfacet
facet normal 0 0 0
    outer loop
        vertex 0.021791176280019947 -0.006142768010599826 -0.22779125131443367
        vertex 0.12808691521409912 -0.03112545541528437 -0.2025074194162075
        vertex 0.005318844134336753 -0.04106054428794034 -0.23060704353130868
    endloop
endfacet
facet normal 0 0 0
    outer loop
        vertex 0.021791176280019947 -0.006142768010599826 -0.22779125131443367
        vertex -0.0034036060928677656 -0.02823956459847092 -0.11154526452123419
        vertex 0.12808691521409912 -0.03112545541528437 -0.2025074194162075
    endloop
endfacet
facet normal 0 0 0
    outer loop
        vertex -0.0034036060928677656 -0.02823956459847092 -0.11154526452123419
        vertex 0.005318844134336753 -0.04106054428794034 -0.23060704353130868
        vertex 0.12808691521409912 -0.03112545541528437 -0.2025074194162075
    endloop
endfacet
facet normal 0 0 0
    outer loop
        vertex -0.0034036060928677656 -0.02823956459847092 -0.11154526452123419
        vertex 0.08636536027459188 -0.013290431630317269 -0.08358272954341192
        vertex 0.1034607186250763 -0.003286593628867105 -0.08654543197411133
    endloop
endfacet
facet normal 0 0 0
    outer loop
        vertex 0.08636536027459188 -0.013290431630317269 -0.08358272954341192
        vertex 0.12808691521409912 -0.03112545541528437 -0.2025074194162075
        vertex 0.1034607186250763 -0.003286593628867105 -0.08654543197411133
    endloop
endfacet
facet normal 0 0 0
    outer loop
        vertex 0.08636536027459188 -0.013290431630317269 -0.08358272954341192
        vertex -0.0034036060928677656 -0.02823956459847092 -0.11154526452123419
        vertex 0.12808691521409912 -0.03112545541528437 -0.2025074194162075
    endloop
endfacet
facet normal 0 0 0
    outer loop
        vertex -0.0034036060928677656 -0.02823956459847092 -0.11154526452123419
        vertex 0.1034607186250763 -0.003286593628867105 -0.08654543197411133
        vertex 0.12808691521409912 -0.03112545541528437 -0.2025074194162075
    endloop
endfacet
facet normal 0 0 0
    outer loop
        vertex -0.0034036060928677656 -0.02823956459847092 -0.11154526452123419
        vertex 0.021791176280019947 -0.006142768010599826 -0.22779125131443367
        vertex 0.12808691521409912 -0.03112545541528437 -0.2025074194162075
    endloop
endfacet
facet normal 0 0 0
    outer loop
        vertex 0.021791176280019947 -0.006142768010599826 -0.22779125131443367
        vertex 0.1034607186250763 -0.003286593628867105 -0.08654543197411133
        vertex 0.12808691521409912 -0.03112545541528437 -0.2025074194162075
    endloop
endfacet
facet normal 0 0 0
    outer loop
        vertex 0.021791176280019947 -0.006142768010599826 -0.22779125131443367
        vertex -0.0034036060928677656 -0.02823956459847092 -0.11154526452123419
        vertex 0.1034607186250763 -0.003286593628867105 -0.08654543197411133
    endloop
endfacet
facet normal 0 0 0
    outer loop
        vertex -0.0034036060928677656 -0.02823956459847092 -0.11154526452123419
        vertex 0.12808691521409912 -0.03112545541528437 -0.2025074194162075
        vertex 0.1034607186250763 -0.003286593628867105 -0.08654543197411133
    endloop
endfacet
facet normal 0 0 0
    outer loop
        vertex 0.021791176280019947 -0.006142768010599826 -0.22779125131443367
        vertex 0.1444385804045733 -0.01648646401267946 -0.2050027385351746
        vertex 0.12808691521409912 -0.03112545541528437 -0.2025074194162075
    endloop
endfacet
facet normal 0 0 0
    outer loop
        vertex 0.1444385804045733 -0.01648646401267946 -0.2050027385351746
        vertex 0.1034607186250763 -0.003286593628867105 -0.08654543197411133
        vertex 0.12808691521409912 -0.03112545541528437 -0.2025074194162075
    endloop
endfacet
facet normal 0 0 0
    outer loop
        vertex 0.1444385804045733 -0.01648646401267946 -0.2050027385351746
        vertex 0.021791176280019947 -0.006142768010599826 -0.22779125131443367
        vertex 0.1034607186250763 -0.003286593628867105 -0.08654543197411133
    endloop
endfacet
facet normal 0 0 0
    outer loop
        vertex 0.021791176280019947 -0.006142768010599826 -0.22779125131443367
        vertex 0.12808691521409912 -0.03112545541528437 -0.2025074194162075
        vertex 0.1034607186250763 -0.003286593628867105 -0.08654543197411133
    endloop
endfacet
facet normal 0 0 0
    outer loop
        vertex -0.0034036060928677656 -0.02823956459847092 -0.11154526452123419
        vertex 0.1034607186250763 -0.003286593628867105 -0.08654543197411133
        vertex 0.013572235189569237 0.011723067500099526 -0.10861001231739179
    endloop
endfacet
facet normal 0 0 0
    outer loop
        vertex 0.1034607186250763 -0.003286593628867105 -0.08654543197411133
        vertex 0.021791176280019947 -0.006142768010599826 -0.22779125131443367
        vertex 0.013572235189569237 0.011723067500099526 -0.10861001231739179
    endloop
endfacet
facet normal 0 0 0
    outer loop
        vertex 0.1034607186250763 -0.003286593628867105 -0.08654543197411133
        vertex -0.0034036060928677656 -0.02823956459847092 -0.11154526452123419
        vertex 0.021791176280019947 -0.006142768010599826 -0.22779125131443367
    endloop
endfacet
facet normal 0 0 0
    outer loop
        vertex -0.0034036060928677656 -0.02823956459847092 -0.11154526452123419
        vertex 0.013572235189569237 0.011723067500099526 -0.10861001231739179
        vertex 0.021791176280019947 -0.006142768010599826 -0.22779125131443367
    endloop
endfacet
facet normal 0 0 0
    outer loop
        vertex 0.005318844134336753 -0.04106054428794034 -0.23060704353130868
        vertex 0.03593939557995385 -0.02343069268090954 -0.3711871785151291
        vertex 0.019942462549718126 -0.05432630716892876 -0.37377428842955146
    endloop
endfacet
facet normal 0 0 0
    outer loop
        vertex 0.03593939557995385 -0.02343069268090954 -0.3711871785151291
        vertex 0.16352775432711247 -0.04870611458921103 -0.34626179740901897
        vertex 0.019942462549718126 -0.05432630716892876 -0.37377428842955146
    endloop
endfacet
facet normal 0 0 0
    outer loop
        vertex 0.03593939557995385 -0.02343069268090954 -0.3711871785151291
        vertex 0.005318844134336753 -0.04106054428794034 -0.23060704353130868
        vertex 0.16352775432711247 -0.04870611458921103 -0.34626179740901897
    endloop
endfacet
facet normal 0 0 0
    outer loop
        vertex 0.005318844134336753 -0.04106054428794034 -0.23060704353130868
        vertex 0.019942462549718126 -0.05432630716892876 -0.37377428842955146
        vertex 0.16352775432711247 -0.04870611458921103 -0.34626179740901897
    endloop
endfacet
facet normal 0 0 0
    outer loop
        vertex 0.005318844134336753 -0.04106054428794034 -0.23060704353130868
        vertex 0.12808691521409912 -0.03112545541528437 -0.2025074194162075
        vertex 0.1444385804045733 -0.01648646401267946 -0.2050027385351746
    endloop
endfacet
facet normal 0 0 0
    outer loop
        vertex 0.12808691521409912 -0.03112545541528437 -0.2025074194162075
        vertex 0.16352775432711247 -0.04870611458921103 -0.34626179740901897
        vertex 0.1444385804045733 -0.01648646401267946 -0.2050027385351746
    endloop
endfacet
facet normal 0 0 0
    outer loop
        vertex 0.12808691521409912 -0.03112545541528437 -0.2025074194162075
        vertex 0.005318844134336753 -0.04106054428794034 -0.23060704353130868
        vertex 0.16352775432711247 -0.04870611458921103 -0.34626179740901897
    endloop
endfacet
facet normal 0 0 0
    outer loop
        vertex 0.005318844134336753 -0.04106054428794034 -0.23060704353130868
        vertex 0.1444385804045733 -0.01648646401267946 -0.2050027385351746
        vertex 0.16352775432711247 -0.04870611458921103 -0.34626179740901897
    endloop
endfacet
facet normal 0 0 0
    outer loop
        vertex 0.005318844134336753 -0.04106054428794034 -0.23060704353130868
        vertex 0.03593939557995385 -0.02343069268090954 -0.3711871785151291
        vertex 0.16352775432711247 -0.04870611458921103 -0.34626179740901897
    endloop
endfacet
facet normal 0 0 0
    outer loop
        vertex 0.03593939557995385 -0.02343069268090954 -0.3711871785151291
        vertex 0.1444385804045733 -0.01648646401267946 -0.2050027385351746
        vertex 0.16352775432711247 -0.04870611458921103 -0.34626179740901897
    endloop
endfacet
facet normal 0 0 0
    outer loop
        vertex 0.03593939557995385 -0.02343069268090954 -0.3711871785151291
        vertex 0.005318844134336753 -0.04106054428794034 -0.23060704353130868
        vertex 0.1444385804045733 -0.01648646401267946 -0.2050027385351746
    endloop
endfacet
facet normal 0 0 0
    outer loop
        vertex 0.005318844134336753 -0.04106054428794034 -0.23060704353130868
        vertex 0.16352775432711247 -0.04870611458921103 -0.34626179740901897
        vertex 0.1444385804045733 -0.01648646401267946 -0.2050027385351746
    endloop
endfacet
facet normal 0 0 0
    outer loop
        vertex 0.03593939557995385 -0.02343069268090954 -0.3711871785151291
        vertex 0.1795014853244984 -0.030088363919373577 -0.34779694542894485
        vertex 0.16352775432711247 -0.04870611458921103 -0.34626179740901897
    endloop
endfacet
facet normal 0 0 0
    outer loop
        vertex 0.1795014853244984 -0.030088363919373577 -0.34779694542894485
        vertex 0.1444385804045733 -0.01648646401267946 -0.2050027385351746
        vertex 0.16352775432711247 -0.04870611458921103 -0.34626179740901897
    endloop
endfacet
facet normal 0 0 0
    outer loop
        vertex 0.1795014853244984 -0.030088363919373577 -0.34779694542894485
        vertex 0.03593939557995385 -0.02343069268090954 -0.3711871785151291
        vertex 0.1444385804045733 -0.01648646401267946 -0.2050027385351746
    endloop
endfacet
facet normal 0 0 0
    outer loop
        vertex 0.03593939557995385 -0.02343069268090954 -0.3711871785151291
        vertex 0.16352775432711247 -0.04870611458921103 -0.34626179740901897
        vertex 0.1444385804045733 -0.01648646401267946 -0.2050027385351746
    endloop
endfacet
facet normal 0 0 0
    outer loop
        vertex 0.005318844134336753 -0.04106054428794034 -0.23060704353130868
        vertex 0.1444385804045733 -0.01648646401267946 -0.2050027385351746
        vertex 0.021791176280019947 -0.006142768010599826 -0.22779125131443367
    endloop
endfacet
facet normal 0 0 0
    outer loop
        vertex 0.1444385804045733 -0.01648646401267946 -0.2050027385351746
        vertex 0.03593939557995385 -0.02343069268090954 -0.3711871785151291
        vertex 0.021791176280019947 -0.006142768010599826 -0.22779125131443367
    endloop
endfacet
facet normal 0 0 0
    outer loop
        vertex 0.1444385804045733 -0.01648646401267946 -0.2050027385351746
        vertex 0.005318844134336753 -0.04106054428794034 -0.23060704353130868
        vertex 0.03593939557995385 -0.02343069268090954 -0.3711871785151291
    endloop
endfacet
facet normal 0 0 0
    outer loop
        vertex 0.005318844134336753 -0.04106054428794034 -0.23060704353130868
        vertex 0.021791176280019947 -0.006142768010599826 -0.22779125131443367
        vertex 0.03593939557995385 -0.02343069268090954 -0.3711871785151291
    endloop
endfacet
facet normal 0 0 0
    outer loop
        vertex 0.019942462549718126 -0.05432630716892876 -0.37377428842955146
        vertex 0.05478599335894414 -0.04018822484746635 -0.5282985661879568
        vertex 0.03912045752197549 -0.06808823453702072 -0.5306443866968636
    endloop
endfacet
facet normal 0 0 0
    outer loop
        vertex 0.05478599335894414 -0.04018822484746635 -0.5282985661879568
        vertex 0.19431964329964052 -0.06581471681277398 -0.5037155036259658
        vertex 0.03912045752197549 -0.06808823453702072 -0.5306443866968636
    endloop
endfacet
facet normal 0 0 0
    outer loop
        vertex 0.05478599335894414 -0.04018822484746635 -0.5282985661879568
        vertex 0.019942462549718126 -0.05432630716892876 -0.37377428842955146
        vertex 0.19431964329964052 -0.06581471681277398 -0.5037155036259658
    endloop
endfacet
facet normal 0 0 0
    outer loop
        vertex 0.019942462549718126 -0.05432630716892876 -0.37377428842955146
        vertex 0.03912045752197549 -0.06808823453702072 -0.5306443866968636
        vertex 0.19431964329964052 -0.06581471681277398 -0.5037155036259658
    endloop
endfacet
facet normal 0 0 0
    outer loop
        vertex 0.019942462549718126 -0.05432630716892876 -0.37377428842955146
        vertex 0.16352775432711247 -0.04870611458921103 -0.34626179740901897
        vertex 0.1795014853244984 -0.030088363919373577 -0.34779694542894485
    endloop
endfacet
facet normal 0 0 0
    outer loop
        vertex 0.16352775432711247 -0.04870611458921103 -0.34626179740901897
        vertex 0.19431964329964052 -0.06581471681277398 -0.5037155036259658
        vertex 0.1795014853244984 -0.030088363919373577 -0.34779694542894485
    endloop
endfacet
facet normal 0 0 0
    outer loop
        vertex 0.16352775432711247 -0.04870611458921103 -0.34626179740901897
        vertex 0.019942462549718126 -0.05432630716892876 -0.37377428842955146
        vertex 0.19431964329964052 -0.06581471681277398 -0.5037155036259658
    endloop
endfacet
facet normal 0 0 0
    outer loop
        vertex 0.019942462549718126 -0.05432630716892876 -0.37377428842955146
        vertex 0.1795014853244984 -0.030088363919373577 -0.34779694542894485
        vertex 0.19431964329964052 -0.06581471681277398 -0.5037155036259658
    endloop
endfacet
facet normal 0 0 0
    outer loop
        vertex 0.019942462549718126 -0.05432630716892876 -0.37377428842955146
        vertex 0.05478599335894414 -0.04018822484746635 -0.5282985661879568
        vertex 0.19431964329964052 -0.06581471681277398 -0.5037155036259658
    endloop
endfacet
facet normal 0 0 0
    outer loop
        vertex 0.05478599335894414 -0.04018822484746635 -0.5282985661879568
        vertex 0.1795014853244984 -0.030088363919373577 -0.34779694542894485
        vertex 0.19431964329964052 -0.06581471681277398 -0.5037155036259658
    endloop
endfacet
facet normal 0 0 0
    outer loop
        vertex 0.05478599335894414 -0.04018822484746635 -0.5282985661879568
        vertex 0.019942462549718126 -0.05432630716892876 -0.37377428842955146
        vertex 0.1795014853244984 -0.030088363919373577 -0.34779694542894485
    endloop
endfacet
facet normal 0 0 0
    outer loop
        vertex 0.019942462549718126 -0.05432630716892876 -0.37377428842955146
        vertex 0.19431964329964052 -0.06581471681277398 -0.5037155036259658
        vertex 0.1795014853244984 -0.030088363919373577 -0.34779694542894485
    endloop
endfacet
facet normal 0 0 0
    outer loop
        vertex 0.05478599335894414 -0.04018822484746635 -0.5282985661879568
        vertex 0.20998232431057545 -0.04419628660188967 -0.5043144940563189
        vertex 0.19431964329964052 -0.06581471681277398 -0.5037155036259658
    endloop
endfacet
facet normal 0 0 0
    outer loop
        vertex 0.20998232431057545 -0.04419628660188967 -0.5043144940563189
        vertex 0.1795014853244984 -0.030088363919373577 -0.34779694542894485
        vertex 0.19431964329964052 -0.06581471681277398 -0.5037155036259658
    endloop
endfacet
facet normal 0 0 0
    outer loop
        vertex 0.20998232431057545 -0.04419628660188967 -0.5043144940563189
        vertex 0.05478599335894414 -0.04018822484746635 -0.5282985661879568
        vertex 0.1795014853244984 -0.030088363919373577 -0.34779694542894485
    endloop
endfacet
facet normal 0 0 0
    outer loop
        vertex 0.05478599335894414 -0.04018822484746635 -0.5282985661879568
        vertex 0.19431964329964052 -0.06581471681277398 -0.5037155036259658
        vertex 0.1795014853244984 -0.030088363919373577 -0.34779694542894485
    endloop
endfacet
facet normal 0 0 0
    outer loop
        vertex 0.019942462549718126 -0.05432630716892876 -0.37377428842955146
        vertex 0.1795014853244984 -0.030088363919373577 -0.34779694542894485
        vertex 0.03593939557995385 -0.02343069268090954 -0.3711871785151291
    endloop
endfacet
facet normal 0 0 0
    outer loop
        vertex 0.1795014853244984 -0.030088363919373577 -0.34779694542894485
        vertex 0.05478599335894414 -0.04018822484746635 -0.5282985661879568
        vertex 0.03593939557995385 -0.02343069268090954 -0.3711871785151291
    endloop
endfacet
facet normal 0 0 0
    outer loop
        vertex 0.1795014853244984 -0.030088363919373577 -0.34779694542894485
        vertex 0.019942462549718126 -0.05432630716892876 -0.37377428842955146
        vertex 0.05478599335894414 -0.04018822484746635 -0.5282985661879568
    endloop
endfacet
facet normal 0 0 0
    outer loop
        vertex 0.019942462549718126 -0.05432630716892876 -0.37377428842955146
        vertex 0.03593939557995385 -0.02343069268090954 -0.3711871785151291
        vertex 0.05478599335894414 -0.04018822484746635 -0.5282985661879568
    endloop
endfacet
facet normal 0 0 0
    outer loop
        vertex 0.03912045752197549 -0.06808823453702072 -0.5306443866968636
        vertex 0.07698710151453751 -0.05644681373316441 -0.6912021637497487
        vertex 0.061544310238477326 -0.08233849642848358 -0.6933060196046067
    endloop
endfacet
facet normal 0 0 0
    outer loop
        vertex 0.07698710151453751 -0.05644681373316441 -0.6912021637497487
        vertex 0.2217551852457499 -0.08242029775037625 -0.6669555315907715
        vertex 0.061544310238477326 -0.08233849642848358 -0.6933060196046067
    endloop
endfacet
facet normal 0 0 0
    outer loop
        vertex 0.07698710151453751 -0.05644681373316441 -0.6912021637497487
        vertex 0.03912045752197549 -0.06808823453702072 -0.5306443866968636
        vertex 0.2217551852457499 -0.08242029775037625 -0.6669555315907715
    endloop
endfacet
facet normal 0 0 0
    outer loop
        vertex 0.03912045752197549 -0.06808823453702072 -0.5306443866968636
        vertex 0.061544310238477326 -0.08233849642848358 -0.6933060196046067
        vertex 0.2217551852457499 -0.08242029775037625 -0.6669555315907715
    endloop
endfacet
facet normal 0 0 0
    outer loop
        vertex 0.03912045752197549 -0.06808823453702072 -0.5306443866968636
        vertex 0.19431964329964052 -0.06581471681277398 -0.5037155036259658
        vertex 0.20998232431057545 -0.04419628660188967 -0.5043144940563189
    endloop
endfacet
facet normal 0 0 0
    outer loop
        vertex 0.19431964329964052 -0.06581471681277398 -0.5037155036259658
        vertex 0.2217551852457499 -0.08242029775037625 -0.6669555315907715
        vertex 0.20998232431057545 -0.04419628660188967 -0.5043144940563189
    endloop
endfacet
facet normal 0 0 0
    outer loop
        vertex 0.19431964329964052 -0.06581471681277398 -0.5037155036259658
        vertex 0.03912045752197549 -0.06808823453702072 -0.5306443866968636
        vertex 0.2217551852457499 -0.08242029775037625 -0.6669555315907715
    endloop
endfacet
facet normal 0 0 0
    outer loop
        vertex 0.03912045752197549 -0.06808823453702072 -0.5306443866968636
        vertex 0.20998232431057545 -0.04419628660188967 -0.5043144940563189
        vertex 0.2217551852457499 -0.08242029775037625 -0.6669555315907715
    endloop
endfacet
facet normal 0 0 0
    outer loop
        vertex 0.03912045752197549 -0.06808823453702072 -0.5306443866968636
        vertex 0.07698710151453751 -0.05644681373316441 -0.6912021637497487
        vertex 0.2217551852457499 -0.08242029775037625 -0.6669555315907715
    endloop
endfacet
facet normal 0 0 0
    outer loop
        vertex 0.07698710151453751 -0.05644681373316441 -0.6912021637497487
        vertex 0.20998232431057545 -0.04419628660188967 -0.5043144940563189
        vertex 0.2217551852457499 -0.08242029775037625 -0.6669555315907715
    endloop
endfacet
facet normal 0 0 0
    outer loop
        vertex 0.07698710151453751 -0.05644681373316441 -0.6912021637497487
        vertex 0.03912045752197549 -0.06808823453702072 -0.5306443866968636
        vertex 0.20998232431057545 -0.04419628660188967 -0.5043144940563189
    endloop
endfacet
facet normal 0 0 0
    outer loop
        vertex 0.03912045752197549 -0.06808823453702072 -0.5306443866968636
        vertex 0.2217551852457499 -0.08242029775037625 -0.6669555315907715
        vertex 0.20998232431057545 -0.04419628660188967 -0.5043144940563189
    endloop
endfacet
facet normal 0 0 0
    outer loop
        vertex 0.07698710151453751 -0.05644681373316441 -0.6912021637497487
        vertex 0.23720853357599808 -0.05881738850547428 -0.6666081969891884
        vertex 0.2217551852457499 -0.08242029775037625 -0.6669555315907715
    endloop
endfacet
facet normal 0 0 0
    outer loop
        vertex 0.23720853357599808 -0.05881738850547428 -0.6666081969891884
        vertex 0.20998232431057545 -0.04419628660188967 -0.5043144940563189
        vertex 0.2217551852457499 -0.08242029775037625 -0.6669555315907715
    endloop
endfacet
facet normal 0 0 0
    outer loop
        vertex 0.23720853357599808 -0.05881738850547428 -0.6666081969891884
        vertex 0.07698710151453751 -0.05644681373316441 -0.6912021637497487
        vertex 0.20998232431057545 -0.04419628660188967 -0.5043144940563189
    endloop
endfacet
facet normal 0 0 0
    outer loop
        vertex 0.07698710151453751 -0.05644681373316441 -0.6912021637497487
        vertex 0.2217551852457499 -0.08242029775037625 -0.6669555315907715
        vertex 0.20998232431057545 -0.04419628660188967 -0.5043144940563189
    endloop
endfacet
facet normal 0 0 0
    outer loop
        vertex 0.03912045752197549 -0.06808823453702072 -0.5306443866968636
        vertex 0.20998232431057545 -0.04419628660188967 -0.5043144940563189
        vertex 0.05478599335894414 -0.04018822484746635 -0.5282985661879568
    endloop
endfacet
facet normal 0 0 0
    outer loop
        vertex 0.20998232431057545 -0.04419628660188967 -0.5043144940563189
        vertex 0.07698710151453751 -0.05644681373316441 -0.6912021637497487
        vertex 0.05478599335894414 -0.04018822484746635 -0.5282985661879568
    endloop
endfacet
facet normal 0 0 0
    outer loop
        vertex 0.20998232431057545 -0.04419628660188967 -0.5043144940563189
        vertex 0.03912045752197549 -0.06808823453702072 -0.5306443866968636
        vertex 0.07698710151453751 -0.05644681373316441 -0.6912021637497487
    endloop
endfacet
facet normal 0 0 0
    outer loop
        vertex 0.03912045752197549 -0.06808823453702072 -0.5306443866968636
        vertex 0.05478599335894414 -0.04018822484746635 -0.5282985661879568
        vertex 0.07698710151453751 -0.05644681373316441 -0.6912021637497487
    endloop
endfacet
facet normal 0 0 0
    outer loop
        vertex 0.061544310238477326 -0.08233849642848358 -0.6933060196046067
        vertex 0.10120175136741938 -0.072342354138068 -0.8546285227826214
        vertex 0.08553190477497612 -0.09695871878591525 -0.8570877122909526
    endloop
endfacet
facet normal 0 0 0
    outer loop
        vertex 0.10120175136741938 -0.072342354138068 -0.8546285227826214
        vertex 0.24716925829767378 -0.098531123806319 -0.8305883270061678
        vertex 0.08553190477497612 -0.09695871878591525 -0.8570877122909526
    endloop
endfacet
facet normal 0 0 0
    outer loop
        vertex 0.10120175136741938 -0.072342354138068 -0.8546285227826214
        vertex 0.061544310238477326 -0.08233849642848358 -0.6933060196046067
        vertex 0.24716925829767378 -0.098531123806319 -0.8305883270061678
    endloop
endfacet
facet normal 0 0 0
    outer loop
        vertex 0.061544310238477326 -0.08233849642848358 -0.6933060196046067
        vertex 0.08553190477497612 -0.09695871878591525 -0.8570877122909526
        vertex 0.24716925829767378 -0.098531123806319 -0.8305883270061678
    endloop
endfacet
facet normal 0 0 0
    outer loop
        vertex 0.061544310238477326 -0.08233849642848358 -0.6933060196046067
        vertex 0.2217551852457499 -0.08242029775037625 -0.6669555315907715
        vertex 0.23720853357599808 -0.05881738850547428 -0.6666081969891884
    endloop
endfacet
facet normal 0 0 0
    outer loop
        vertex 0.2217551852457499 -0.08242029775037625 -0.6669555315907715
        vertex 0.24716925829767378 -0.098531123806319 -0.8305883270061678
        vertex 0.23720853357599808 -0.05881738850547428 -0.6666081969891884
    endloop
endfacet
facet normal 0 0 0
    outer loop
        vertex 0.2217551852457499 -0.08242029775037625 -0.6669555315907715
        vertex 0.061544310238477326 -0.08233849642848358 -0.6933060196046067
        vertex 0.24716925829767378 -0.098531123806319 -0.8305883270061678
    endloop
endfacet
facet normal 0 0 0
    outer loop
        vertex 0.061544310238477326 -0.08233849642848358 -0.6933060196046067
        vertex 0.23720853357599808 -0.05881738850547428 -0.6666081969891884
        vertex 0.24716925829767378 -0.098531123806319 -0.8305883270061678
    endloop
endfacet
facet normal 0 0 0
    outer loop
        vertex 0.061544310238477326 -0.08233849642848358 -0.6933060196046067
        vertex 0.10120175136741938 -0.072342354138068 -0.8546285227826214
        vertex 0.24716925829767378 -0.098531123806319 -0.8305883270061678
    endloop
endfacet
facet normal 0 0 0
    outer loop
        vertex 0.10120175136741938 -0.072342354138068 -0.8546285227826214
        vertex 0.23720853357599808 -0.05881738850547428 -0.6666081969891884
        vertex 0.24716925829767378 -0.098531123806319 -0.8305883270061678
    endloop
endfacet
facet normal 0 0 0
    outer loop
        vertex 0.10120175136741938 -0.072342354138068 -0.8546285227826214
        vertex 0.061544310238477326 -0.08233849642848358 -0.6933060196046067
        vertex 0.23720853357599808 -0.05881738850547428 -0.6666081969891884
    endloop
endfacet
facet normal 0 0 0
    outer loop
        vertex 0.061544310238477326 -0.08233849642848358 -0.6933060196046067
        vertex 0.24716925829767378 -0.098531123806319 -0.8305883270061678
        vertex 0.23720853357599808 -0.05881738850547428 -0.6666081969891884
    endloop
endfacet
facet normal 0 0 0
    outer loop
        vertex 0.10120175136741938 -0.072342354138068 -0.8546285227826214
        vertex 0.26238393534933796 -0.07395058242958105 -0.8292682864004952
        vertex 0.24716925829767378 -0.098531123806319 -0.8305883270061678
    endloop
endfacet
facet normal 0 0 0
    outer loop
        vertex 0.26238393534933796 -0.07395058242958105 -0.8292682864004952
        vertex 0.23720853357599808 -0.05881738850547428 -0.6666081969891884
        vertex 0.24716925829767378 -0.098531123806319 -0.8305883270061678
    endloop
endfacet
facet normal 0 0 0
    outer loop
        vertex 0.26238393534933796 -0.07395058242958105 -0.8292682864004952
        vertex 0.10120175136741938 -0.072342354138068 -0.8546285227826214
        vertex 0.23720853357599808 -0.05881738850547428 -0.6666081969891884
    endloop
endfacet
facet normal 0 0 0
    outer loop
        vertex 0.10120175136741938 -0.072342354138068 -0.8546285227826214
        vertex 0.24716925829767378 -0.098531123806319 -0.8305883270061678
        vertex 0.23720853357599808 -0.05881738850547428 -0.6666081969891884
    endloop
endfacet
facet normal 0 0 0
    outer loop
        vertex 0.061544310238477326 -0.08233849642848358 -0.6933060196046067
        vertex 0.23720853357599808 -0.05881738850547428 -0.6666081969891884
        vertex 0.07698710151453751 -0.05644681373316441 -0.6912021637497487
    endloop
endfacet
facet normal 0 0 0
    outer loop
        vertex 0.23720853357599808 -0.05881738850547428 -0.6666081969891884
        vertex 0.10120175136741938 -0.072342354138068 -0.8546285227826214
        vertex 0.07698710151453751 -0.05644681373316441 -0.6912021637497487
    endloop
endfacet
facet normal 0 0 0
    outer loop
        vertex 0.23720853357599808 -0.05881738850547428 -0.6666081969891884
        vertex 0.061544310238477326 -0.08233849642848358 -0.6933060196046067
        vertex 0.10120175136741938 -0.072342354138068 -0.8546285227826214
    endloop
endfacet
facet normal 0 0 0
    outer loop
        vertex 0.061544310238477326 -0.08233849642848358 -0.6933060196046067
        vertex 0.07698710151453751 -0.05644681373316441 -0.6912021637497487
        vertex 0.10120175136741938 -0.072342354138068 -0.8546285227826214
    endloop
endfacet
endsolid