solid tet_mesh
facet normal 0 0 0
    outer loop
        vertex 0.0 0.0 0.0
        vertex 0.02080622860976283 0.026829345222040914 -0.025057613083736007
        vertex 0.010121327742259746 0.004268377854450308 -0.029176730091337096
    endloop
endfacet
facet normal 0 0 0
    outer loop
        vertex 0.02080622860976283 0.026829345222040914 -0.025057613083736007
        vertex 0.02747610632236169 0.0012065829186041156 -0.008021216446560675
        vertex 0.010121327742259746 0.004268377854450308 -0.029176730091337096
    endloop
endfacet
facet normal 0 0 0
    outer loop
        vertex 0.02080622860976283 0.026829345222040914 -0.025057613083736007
        vertex 0.0 0.0 0.0
        vertex 0.02747610632236169 0.0012065829186041156 -0.008021216446560675
    endloop
endfacet
facet normal 0 0 0
    outer loop
        vertex 0.0 0.0 0.0
        vertex 0.010121327742259746 0.004268377854450308 -0.029176730091337096
        vertex 0.02747610632236169 0.0012065829186041156 -0.008021216446560675
    endloop
endfacet
facet normal 0 0 0
    outer loop
        vertex 0.0 0.0 0.0
        vertex 0.0 0.0 0.025
        vertex 0.0 0.025 0.025
    endloop
endfacet
facet normal 0 0 0
    outer loop
        vertex 0.0 0.0 0.025
        vertex 0.02747610632236169 0.0012065829186041156 -0.008021216446560675
        vertex 0.0 0.025 0.025
    endloop
endfacet
facet normal 0 0 0
    outer loop
        vertex 0.0 0.0 0.025
        vertex 0.0 0.0 0.0
        vertex 0.02747610632236169 0.0012065829186041156 -0.008021216446560675
    endloop
endfacet
facet normal 0 0 0
    outer loop
        vertex 0.0 0.0 0.0
        vertex 0.0 0.025 0.025
        vertex 0.02747610632236169 0.0012065829186041156 -0.008021216446560675
    endloop
endfacet
facet normal 0 0 0
    outer loop
        vertex 0.0 0.0 0.0
        vertex 0.02080622860976283 0.026829345222040914 -0.025057613083736007
        vertex 0.02747610632236169 0.0012065829186041156 -0.008021216446560675
    endloop
endfacet
facet normal 0 0 0
    outer loop
        vertex 0.02080622860976283 0.026829345222040914 -0.025057613083736007
        vertex 0.0 0.025 0.025
        vertex 0.02747610632236169 0.0012065829186041156 -0.008021216446560675
    endloop
endfacet
facet normal 0 0 0
    outer loop
        vertex 0.02080622860976283 0.026829345222040914 -0.025057613083736007
        vertex 0.0 0.0 0.0
        vertex 0.0 0.025 0.025
    endloop
endfacet
facet normal 0 0 0
    outer loop
        vertex 0.0 0.0 0.0
        vertex 0.02747610632236169 0.0012065829186041156 -0.008021216446560675
        vertex 0.0 0.025 0.025
    endloop
endfacet
facet normal 0 0 0
    outer loop
        vertex 0.02080622860976283 0.026829345222040914 -0.025057613083736007
        vertex 0.03373604104957431 0.018634179086492147 -0.013172147148797046
        vertex 0.02747610632236169 0.0012065829186041156 -0.008021216446560675
    endloop
endfacet
facet normal 0 0 0
    outer loop
        vertex 0.03373604104957431 0.018634179086492147 -0.013172147148797046
        vertex 0.0 0.025 0.025
        vertex 0.02747610632236169 0.0012065829186041156 -0.008021216446560675
    endloop
endfacet
facet normal 0 0 0
    outer loop
        vertex 0.03373604104957431 0.018634179086492147 -0.013172147148797046
        vertex 0.02080622860976283 0.026829345222040914 -0.025057613083736007
        vertex 0.0 0.025 0.025
    endloop
endfacet
facet normal 0 0 0
    outer loop
        vertex 0.02080622860976283 0.026829345222040914 -0.025057613083736007
        vertex 0.02747610632236169 0.0012065829186041156 -0.008021216446560675
        vertex 0.0 0.025 0.025
    endloop
endfacet
facet normal 0 0 0
    outer loop
        vertex 0.0 0.0 0.0
        vertex 0.0 0.025 0.025
        vertex 0.0 0.025 0.0
    endloop
endfacet
facet normal 0 0 0
    outer loop
        vertex 0.0 0.025 0.025
        vertex 0.02080622860976283 0.026829345222040914 -0.025057613083736007
        vertex 0.0 0.025 0.0
    endloop
endfacet
facet normal 0 0 0
    outer loop
        vertex 0.0 0.025 0.025
        vertex 0.0 0.0 0.0
        vertex 0.02080622860976283 0.026829345222040914 -0.025057613083736007
    endloop
endfacet
facet normal 0 0 0
    outer loop
        vertex 0.0 0.0 0.0
        vertex 0.0 0.025 0.0
        vertex 0.02080622860976283 0.026829345222040914 -0.025057613083736007
    endloop
endfacet
facet normal 0 0 0
    outer loop
        vertex 0.010121327742259746 0.004268377854450308 -0.029176730091337096
        vertex 0.02876578810823153 0.02249949240157889 -0.05776266646580294
        vertex 0.02039039564460914 0.0017044783472541468 -0.05958377209188938
    endloop
endfacet
facet normal 0 0 0
    outer loop
        vertex 0.02876578810823153 0.02249949240157889 -0.05776266646580294
        vertex 0.037690501076281226 -0.005589646677317912 -0.042333692528461565
        vertex 0.02039039564460914 0.0017044783472541468 -0.05958377209188938
    endloop
endfacet
facet normal 0 0 0
    outer loop
        vertex 0.02876578810823153 0.02249949240157889 -0.05776266646580294
        vertex 0.010121327742259746 0.004268377854450308 -0.029176730091337096
        vertex 0.037690501076281226 -0.005589646677317912 -0.042333692528461565
    endloop
endfacet
facet normal 0 0 0
    outer loop
        vertex 0.010121327742259746 0.004268377854450308 -0.029176730091337096
        vertex 0.02039039564460914 0.0017044783472541468 -0.05958377209188938
        vertex 0.037690501076281226 -0.005589646677317912 -0.042333692528461565
    endloop
endfacet
facet normal 0 0 0
    outer loop
        vertex 0.010121327742259746 0.004268377854450308 -0.029176730091337096
        vertex 0.02747610632236169 0.0012065829186041156 -0.008021216446560675
        vertex 0.03373604104957431 0.018634179086492147 -0.013172147148797046
    endloop
endfacet
facet normal 0 0 0
    outer loop
        vertex 0.02747610632236169 0.0012065829186041156 -0.008021216446560675
        vertex 0.037690501076281226 -0.005589646677317912 -0.042333692528461565
        vertex 0.03373604104957431 0.018634179086492147 -0.013172147148797046
    endloop
endfacet
facet normal 0 0 0
    outer loop
        vertex 0.02747610632236169 0.0012065829186041156 -0.008021216446560675
        vertex 0.010121327742259746 0.004268377854450308 -0.029176730091337096
        vertex 0.037690501076281226 -0.005589646677317912 -0.042333692528461565
    endloop
endfacet
facet normal 0 0 0
    outer loop
        vertex 0.010121327742259746 0.004268377854450308 -0.029176730091337096
        vertex 0.03373604104957431 0.018634179086492147 -0.013172147148797046
        vertex 0.037690501076281226 -0.005589646677317912 -0.042333692528461565
    endloop
endfacet
facet normal 0 0 0
    outer loop
        vertex 0.010121327742259746 0.004268377854450308 -0.029176730091337096
        vertex 0.02876578810823153 0.02249949240157889 -0.05776266646580294
        vertex 0.037690501076281226 -0.005589646677317912 -0.042333692528461565
    endloop
endfacet
facet normal 0 0 0
    outer loop
        vertex 0.02876578810823153 0.02249949240157889 -0.05776266646580294
        vertex 0.03373604104957431 0.018634179086492147 -0.013172147148797046
        vertex 0.037690501076281226 -0.005589646677317912 -0.042333692528461565
    endloop
endfacet
facet normal 0 0 0
    outer loop
        vertex 0.02876578810823153 0.02249949240157889 -0.05776266646580294
        vertex 0.010121327742259746 0.004268377854450308 -0.029176730091337096
        vertex 0.03373604104957431 0.018634179086492147 -0.013172147148797046
    endloop
endfacet
facet normal 0 0 0
    outer loop
        vertex 0.010121327742259746 0.004268377854450308 -0.029176730091337096
        vertex 0.037690501076281226 -0.005589646677317912 -0.042333692528461565
        vertex 0.03373604104957431 0.018634179086492147 -0.013172147148797046
    endloop
endfacet
facet normal 0 0 0
    outer loop
        vertex 0.02876578810823153 0.02249949240157889 -0.05776266646580294
        vertex 0.04579779922576671 0.015215329688957155 -0.043877257426978185
        vertex 0.037690501076281226 -0.005589646677317912 -0.042333692528461565
    endloop
endfacet
facet normal 0 0 0
    outer loop
        vertex 0.04579779922576671 0.015215329688957155 -0.043877257426978185
        vertex 0.03373604104957431 0.018634179086492147 -0.013172147148797046
        vertex 0.037690501076281226 -0.005589646677317912 -0.042333692528461565
    endloop
endfacet
facet normal 0 0 0
    outer loop
        vertex 0.04579779922576671 0.015215329688957155 -0.043877257426978185
        vertex 0.02876578810823153 0.02249949240157889 -0.05776266646580294
        vertex 0.03373604104957431 0.018634179086492147 -0.013172147148797046
    endloop
endfacet
facet normal 0 0 0
    outer loop
        vertex 0.02876578810823153 0.02249949240157889 -0.05776266646580294
        vertex 0.037690501076281226 -0.005589646677317912 -0.042333692528461565
        vertex 0.03373604104957431 0.018634179086492147 -0.013172147148797046
    endloop
endfacet
facet normal 0 0 0
    outer loop
        vertex 0.010121327742259746 0.004268377854450308 -0.029176730091337096
        vertex 0.03373604104957431 0.018634179086492147 -0.013172147148797046
        vertex 0.02080622860976283 0.026829345222040914 -0.025057613083736007
    endloop
endfacet
facet normal 0 0 0
    outer loop
        vertex 0.03373604104957431 0.018634179086492147 -0.013172147148797046
        vertex 0.02876578810823153 0.02249949240157889 -0.05776266646580294
        vertex 0.02080622860976283 0.026829345222040914 -0.025057613083736007
    endloop
endfacet
facet normal 0 0 0
    outer loop
        vertex 0.03373604104957431 0.018634179086492147 -0.013172147148797046
        vertex 0.010121327742259746 0.004268377854450308 -0.029176730091337096
        vertex 0.02876578810823153 0.02249949240157889 -0.05776266646580294
    endloop
endfacet
facet normal 0 0 0
    outer loop
        vertex 0.010121327742259746 0.004268377854450308 -0.029176730091337096
        vertex 0.02080622860976283 0.026829345222040914 -0.025057613083736007
        vertex 0.02876578810823153 0.02249949240157889 -0.05776266646580294
    endloop
endfacet
facet normal 0 0 0
    outer loop
        vertex 0.02039039564460914 0.0017044783472541468 -0.05958377209188938
        vertex 0.04188756619656842 0.01767759251975729 -0.08453646039242002
        vertex 0.033657129752540135 -0.002172949777877421 -0.0859884979311918
    endloop
endfacet
facet normal 0 0 0
    outer loop
        vertex 0.04188756619656842 0.01767759251975729 -0.08453646039242002
        vertex 0.049965401820148365 -0.011668219005208747 -0.06718339683805871
        vertex 0.033657129752540135 -0.002172949777877421 -0.0859884979311918
    endloop
endfacet
facet normal 0 0 0
    outer loop
        vertex 0.04188756619656842 0.01767759251975729 -0.08453646039242002
        vertex 0.02039039564460914 0.0017044783472541468 -0.05958377209188938
        vertex 0.049965401820148365 -0.011668219005208747 -0.06718339683805871
    endloop
endfacet
facet normal 0 0 0
    outer loop
        vertex 0.02039039564460914 0.0017044783472541468 -0.05958377209188938
        vertex 0.033657129752540135 -0.002172949777877421 -0.0859884979311918
        vertex 0.049965401820148365 -0.011668219005208747 -0.06718339683805871
    endloop
endfacet
facet normal 0 0 0
    outer loop
        vertex 0.02039039564460914 0.0017044783472541468 -0.05958377209188938
        vertex 0.037690501076281226 -0.005589646677317912 -0.042333692528461565
        vertex 0.04579779922576671 0.015215329688957155 -0.043877257426978185
    endloop
endfacet
facet normal 0 0 0
    outer loop
        vertex 0.037690501076281226 -0.005589646677317912 -0.042333692528461565
        vertex 0.049965401820148365 -0.011668219005208747 -0.06718339683805871
        vertex 0.04579779922576671 0.015215329688957155 -0.043877257426978185
    endloop
endfacet
facet normal 0 0 0
    outer loop
        vertex 0.037690501076281226 -0.005589646677317912 -0.042333692528461565
        vertex 0.02039039564460914 0.0017044783472541468 -0.05958377209188938
        vertex 0.049965401820148365 -0.011668219005208747 -0.06718339683805871
    endloop
endfacet
facet normal 0 0 0
    outer loop
        vertex 0.02039039564460914 0.0017044783472541468 -0.05958377209188938
        vertex 0.04579779922576671 0.015215329688957155 -0.043877257426978185
        vertex 0.049965401820148365 -0.011668219005208747 -0.06718339683805871
    endloop
endfacet
facet normal 0 0 0
    outer loop
        vertex 0.02039039564460914 0.0017044783472541468 -0.05958377209188938
        vertex 0.04188756619656842 0.01767759251975729 -0.08453646039242002
        vertex 0.049965401820148365 -0.011668219005208747 -0.06718339683805871
    endloop
endfacet
facet normal 0 0 0
    outer loop
        vertex 0.04188756619656842 0.01767759251975729 -0.08453646039242002
        vertex 0.04579779922576671 0.015215329688957155 -0.043877257426978185
        vertex 0.049965401820148365 -0.011668219005208747 -0.06718339683805871
    endloop
endfacet
facet normal 0 0 0
    outer loop
        vertex 0.04188756619656842 0.01767759251975729 -0.08453646039242002
        vertex 0.02039039564460914 0.0017044783472541468 -0.05958377209188938
        vertex 0.04579779922576671 0.015215329688957155 -0.043877257426978185
    endloop
endfacet
facet normal 0 0 0
    outer loop
        vertex 0.02039039564460914 0.0017044783472541468 -0.05958377209188938
        vertex 0.049965401820148365 -0.011668219005208747 -0.06718339683805871
        vertex 0.04579779922576671 0.015215329688957155 -0.043877257426978185
    endloop
endfacet
facet normal 0 0 0
    outer loop
        vertex 0.04188756619656842 0.01767759251975729 -0.08453646039242002
        vertex 0.058916724934205515 0.01002698590393333 -0.06627367289804437
        vertex 0.049965401820148365 -0.011668219005208747 -0.06718339683805871
    endloop
endfacet
facet normal 0 0 0
    outer loop
        vertex 0.058916724934205515 0.01002698590393333 -0.06627367289804437
        vertex 0.04579779922576671 0.015215329688957155 -0.043877257426978185
        vertex 0.049965401820148365 -0.011668219005208747 -0.06718339683805871
    endloop
endfacet
facet normal 0 0 0
    outer loop
        vertex 0.058916724934205515 0.01002698590393333 -0.06627367289804437
        vertex 0.04188756619656842 0.01767759251975729 -0.08453646039242002
        vertex 0.04579779922576671 0.015215329688957155 -0.043877257426978185
    endloop
endfacet
facet normal 0 0 0
    outer loop
        vertex 0.04188756619656842 0.01767759251975729 -0.08453646039242002
        vertex 0.049965401820148365 -0.011668219005208747 -0.06718339683805871
        vertex 0.04579779922576671 0.015215329688957155 -0.043877257426978185
    endloop
endfacet
facet normal 0 0 0
    outer loop
        vertex 0.02039039564460914 0.0017044783472541468 -0.05958377209188938
        vertex 0.04579779922576671 0.015215329688957155 -0.043877257426978185
        vertex 0.02876578810823153 0.02249949240157889 -0.05776266646580294
    endloop
endfacet
facet normal 0 0 0
    outer loop
        vertex 0.04579779922576671 0.015215329688957155 -0.043877257426978185
        vertex 0.04188756619656842 0.01767759251975729 -0.08453646039242002
        vertex 0.02876578810823153 0.02249949240157889 -0.05776266646580294
    endloop
endfacet
facet normal 0 0 0
    outer loop
        vertex 0.04579779922576671 0.015215329688957155 -0.043877257426978185
        vertex 0.02039039564460914 0.0017044783472541468 -0.05958377209188938
        vertex 0.04188756619656842 0.01767759251975729 -0.08453646039242002
    endloop
endfacet
facet normal 0 0 0
    outer loop
        vertex 0.02039039564460914 0.0017044783472541468 -0.05958377209188938
        vertex 0.02876578810823153 0.02249949240157889 -0.05776266646580294
        vertex 0.04188756619656842 0.01767759251975729 -0.08453646039242002
    endloop
endfacet
endsolid