solid tet_mesh
facet normal 0 0 0
    outer loop
        vertex 0.0 0.0 0.0
        vertex 0.01364490269507925 0.02862535801060704 -0.04175706380634887
        vertex 0.0005524379080298555 -0.008459766422758858 -0.04844228117794827
    endloop
endfacet
facet normal 0 0 0
    outer loop
        vertex 0.01364490269507925 0.02862535801060704 -0.04175706380634887
        vertex 0.03584072382720112 0.0038715332221692174 -0.01567201240888435
        vertex 0.0005524379080298555 -0.008459766422758858 -0.04844228117794827
    endloop
endfacet
facet normal 0 0 0
    outer loop
        vertex 0.01364490269507925 0.02862535801060704 -0.04175706380634887
        vertex 0.0 0.0 0.0
        vertex 0.03584072382720112 0.0038715332221692174 -0.01567201240888435
    endloop
endfacet
facet normal 0 0 0
    outer loop
        vertex 0.0 0.0 0.0
        vertex 0.0005524379080298555 -0.008459766422758858 -0.04844228117794827
        vertex 0.03584072382720112 0.0038715332221692174 -0.01567201240888435
    endloop
endfacet
facet normal 0 0 0
    outer loop
        vertex 0.0 0.0 0.0
        vertex 0.0 0.0 0.025
        vertex 0.0 0.025 0.025
    endloop
endfacet
facet normal 0 0 0
    outer loop
        vertex 0.0 0.0 0.025
        vertex 0.03584072382720112 0.0038715332221692174 -0.01567201240888435
        vertex 0.0 0.025 0.025
    endloop
endfacet
facet normal 0 0 0
    outer loop
        vertex 0.0 0.0 0.025
        vertex 0.0 0.0 0.0
        vertex 0.03584072382720112 0.0038715332221692174 -0.01567201240888435
    endloop
endfacet
facet normal 0 0 0
    outer loop
        vertex 0.0 0.0 0.0
        vertex 0.0 0.025 0.025
        vertex 0.03584072382720112 0.0038715332221692174 -0.01567201240888435
    endloop
endfacet
facet normal 0 0 0
    outer loop
        vertex 0.0 0.0 0.0
        vertex 0.01364490269507925 0.02862535801060704 -0.04175706380634887
        vertex 0.03584072382720112 0.0038715332221692174 -0.01567201240888435
    endloop
endfacet
facet normal 0 0 0
    outer loop
        vertex 0.01364490269507925 0.02862535801060704 -0.04175706380634887
        vertex 0.0 0.025 0.025
        vertex 0.03584072382720112 0.0038715332221692174 -0.01567201240888435
    endloop
endfacet
facet normal 0 0 0
    outer loop
        vertex 0.01364490269507925 0.02862535801060704 -0.04175706380634887
        vertex 0.0 0.0 0.0
        vertex 0.0 0.025 0.025
    endloop
endfacet
facet normal 0 0 0
    outer loop
        vertex 0.0 0.0 0.0
        vertex 0.03584072382720112 0.0038715332221692174 -0.01567201240888435
        vertex 0.0 0.025 0.025
    endloop
endfacet
facet normal 0 0 0
    outer loop
        vertex 0.01364490269507925 0.02862535801060704 -0.04175706380634887
        vertex 0.0484943471107937 0.014915717036719787 -0.0210731178830887
        vertex 0.03584072382720112 0.0038715332221692174 -0.01567201240888435
    endloop
endfacet
facet normal 0 0 0
    outer loop
        vertex 0.0484943471107937 0.014915717036719787 -0.0210731178830887
        vertex 0.0 0.025 0.025
        vertex 0.03584072382720112 0.0038715332221692174 -0.01567201240888435
    endloop
endfacet
facet normal 0 0 0
    outer loop
        vertex 0.0484943471107937 0.014915717036719787 -0.0210731178830887
        vertex 0.01364490269507925 0.02862535801060704 -0.04175706380634887
        vertex 0.0 0.025 0.025
    endloop
endfacet
facet normal 0 0 0
    outer loop
        vertex 0.01364490269507925 0.02862535801060704 -0.04175706380634887
        vertex 0.03584072382720112 0.0038715332221692174 -0.01567201240888435
        vertex 0.0 0.025 0.025
    endloop
endfacet
facet normal 0 0 0
    outer loop
        vertex 0.0 0.0 0.0
        vertex 0.0 0.025 0.025
        vertex 0.0 0.025 0.0
    endloop
endfacet
facet normal 0 0 0
    outer loop
        vertex 0.0 0.025 0.025
        vertex 0.01364490269507925 0.02862535801060704 -0.04175706380634887
        vertex 0.0 0.025 0.0
    endloop
endfacet
facet normal 0 0 0
    outer loop
        vertex 0.0 0.025 0.025
        vertex 0.0 0.0 0.0
        vertex 0.01364490269507925 0.02862535801060704 -0.04175706380634887
    endloop
endfacet
facet normal 0 0 0
    outer loop
        vertex 0.0 0.0 0.0
        vertex 0.0 0.025 0.0
        vertex 0.01364490269507925 0.02862535801060704 -0.04175706380634887
    endloop
endfacet
facet normal 0 0 0
    outer loop
        vertex 0.0005524379080298555 -0.008459766422758858 -0.04844228117794827
        vertex 0.027161334147555845 0.013157982170329832 -0.10792045621430901
        vertex 0.015380249306901572 -0.015368217849059231 -0.11350744571899009
    endloop
endfacet
facet normal 0 0 0
    outer loop
        vertex 0.027161334147555845 0.013157982170329832 -0.10792045621430901
        vertex 0.07077137805653583 -0.012831830473203099 -0.08314611134492042
        vertex 0.015380249306901572 -0.015368217849059231 -0.11350744571899009
    endloop
endfacet
facet normal 0 0 0
    outer loop
        vertex 0.027161334147555845 0.013157982170329832 -0.10792045621430901
        vertex 0.0005524379080298555 -0.008459766422758858 -0.04844228117794827
        vertex 0.07077137805653583 -0.012831830473203099 -0.08314611134492042
    endloop
endfacet
facet normal 0 0 0
    outer loop
        vertex 0.0005524379080298555 -0.008459766422758858 -0.04844228117794827
        vertex 0.015380249306901572 -0.015368217849059231 -0.11350744571899009
        vertex 0.07077137805653583 -0.012831830473203099 -0.08314611134492042
    endloop
endfacet
facet normal 0 0 0
    outer loop
        vertex 0.0005524379080298555 -0.008459766422758858 -0.04844228117794827
        vertex 0.03584072382720112 0.0038715332221692174 -0.01567201240888435
        vertex 0.0484943471107937 0.014915717036719787 -0.0210731178830887
    endloop
endfacet
facet normal 0 0 0
    outer loop
        vertex 0.03584072382720112 0.0038715332221692174 -0.01567201240888435
        vertex 0.07077137805653583 -0.012831830473203099 -0.08314611134492042
        vertex 0.0484943471107937 0.014915717036719787 -0.0210731178830887
    endloop
endfacet
facet normal 0 0 0
    outer loop
        vertex 0.03584072382720112 0.0038715332221692174 -0.01567201240888435
        vertex 0.0005524379080298555 -0.008459766422758858 -0.04844228117794827
        vertex 0.07077137805653583 -0.012831830473203099 -0.08314611134492042
    endloop
endfacet
facet normal 0 0 0
    outer loop
        vertex 0.0005524379080298555 -0.008459766422758858 -0.04844228117794827
        vertex 0.0484943471107937 0.014915717036719787 -0.0210731178830887
        vertex 0.07077137805653583 -0.012831830473203099 -0.08314611134492042
    endloop
endfacet
facet normal 0 0 0
    outer loop
        vertex 0.0005524379080298555 -0.008459766422758858 -0.04844228117794827
        vertex 0.027161334147555845 0.013157982170329832 -0.10792045621430901
        vertex 0.07077137805653583 -0.012831830473203099 -0.08314611134492042
    endloop
endfacet
facet normal 0 0 0
    outer loop
        vertex 0.027161334147555845 0.013157982170329832 -0.10792045621430901
        vertex 0.0484943471107937 0.014915717036719787 -0.0210731178830887
        vertex 0.07077137805653583 -0.012831830473203099 -0.08314611134492042
    endloop
endfacet
facet normal 0 0 0
    outer loop
        vertex 0.027161334147555845 0.013157982170329832 -0.10792045621430901
        vertex 0.0005524379080298555 -0.008459766422758858 -0.04844228117794827
        vertex 0.0484943471107937 0.014915717036719787 -0.0210731178830887
    endloop
endfacet
facet normal 0 0 0
    outer loop
        vertex 0.0005524379080298555 -0.008459766422758858 -0.04844228117794827
        vertex 0.07077137805653583 -0.012831830473203099 -0.08314611134492042
        vertex 0.0484943471107937 0.014915717036719787 -0.0210731178830887
    endloop
endfacet
facet normal 0 0 0
    outer loop
        vertex 0.027161334147555845 0.013157982170329832 -0.10792045621430901
        vertex 0.08248072368746012 0.00655632309321192 -0.08457949521511718
        vertex 0.07077137805653583 -0.012831830473203099 -0.08314611134492042
    endloop
endfacet
facet normal 0 0 0
    outer loop
        vertex 0.08248072368746012 0.00655632309321192 -0.08457949521511718
        vertex 0.0484943471107937 0.014915717036719787 -0.0210731178830887
        vertex 0.07077137805653583 -0.012831830473203099 -0.08314611134492042
    endloop
endfacet
facet normal 0 0 0
    outer loop
        vertex 0.08248072368746012 0.00655632309321192 -0.08457949521511718
        vertex 0.027161334147555845 0.013157982170329832 -0.10792045621430901
        vertex 0.0484943471107937 0.014915717036719787 -0.0210731178830887
    endloop
endfacet
facet normal 0 0 0
    outer loop
        vertex 0.027161334147555845 0.013157982170329832 -0.10792045621430901
        vertex 0.07077137805653583 -0.012831830473203099 -0.08314611134492042
        vertex 0.0484943471107937 0.014915717036719787 -0.0210731178830887
    endloop
endfacet
facet normal 0 0 0
    outer loop
        vertex 0.0005524379080298555 -0.008459766422758858 -0.04844228117794827
        vertex 0.0484943471107937 0.014915717036719787 -0.0210731178830887
        vertex 0.01364490269507925 0.02862535801060704 -0.04175706380634887
    endloop
endfacet
facet normal 0 0 0
    outer loop
        vertex 0.0484943471107937 0.014915717036719787 -0.0210731178830887
        vertex 0.027161334147555845 0.013157982170329832 -0.10792045621430901
        vertex 0.01364490269507925 0.02862535801060704 -0.04175706380634887
    endloop
endfacet
facet normal 0 0 0
    outer loop
        vertex 0.0484943471107937 0.014915717036719787 -0.0210731178830887
        vertex 0.0005524379080298555 -0.008459766422758858 -0.04844228117794827
        vertex 0.027161334147555845 0.013157982170329832 -0.10792045621430901
    endloop
endfacet
facet normal 0 0 0
    outer loop
        vertex 0.0005524379080298555 -0.008459766422758858 -0.04844228117794827
        vertex 0.01364490269507925 0.02862535801060704 -0.04175706380634887
        vertex 0.027161334147555845 0.013157982170329832 -0.10792045621430901
    endloop
endfacet
facet normal 0 0 0
    outer loop
        vertex 0.015380249306901572 -0.015368217849059231 -0.11350744571899009
        vertex 0.049047468599650895 -0.000373356391002503 -0.17611716987031376
        vertex 0.036363695899103196 -0.02382242124875269 -0.18313817726990847
    endloop
endfacet
facet normal 0 0 0
    outer loop
        vertex 0.049047468599650895 -0.000373356391002503 -0.17611716987031376
        vertex 0.09744629647347988 -0.027226534630213812 -0.15215796252355593
        vertex 0.036363695899103196 -0.02382242124875269 -0.18313817726990847
    endloop
endfacet
facet normal 0 0 0
    outer loop
        vertex 0.049047468599650895 -0.000373356391002503 -0.17611716987031376
        vertex 0.015380249306901572 -0.015368217849059231 -0.11350744571899009
        vertex 0.09744629647347988 -0.027226534630213812 -0.15215796252355593
    endloop
endfacet
facet normal 0 0 0
    outer loop
        vertex 0.015380249306901572 -0.015368217849059231 -0.11350744571899009
        vertex 0.036363695899103196 -0.02382242124875269 -0.18313817726990847
        vertex 0.09744629647347988 -0.027226534630213812 -0.15215796252355593
    endloop
endfacet
facet normal 0 0 0
    outer loop
        vertex 0.015380249306901572 -0.015368217849059231 -0.11350744571899009
        vertex 0.07077137805653583 -0.012831830473203099 -0.08314611134492042
        vertex 0.08248072368746012 0.00655632309321192 -0.08457949521511718
    endloop
endfacet
facet normal 0 0 0
    outer loop
        vertex 0.07077137805653583 -0.012831830473203099 -0.08314611134492042
        vertex 0.09744629647347988 -0.027226534630213812 -0.15215796252355593
        vertex 0.08248072368746012 0.00655632309321192 -0.08457949521511718
    endloop
endfacet
facet normal 0 0 0
    outer loop
        vertex 0.07077137805653583 -0.012831830473203099 -0.08314611134492042
        vertex 0.015380249306901572 -0.015368217849059231 -0.11350744571899009
        vertex 0.09744629647347988 -0.027226534630213812 -0.15215796252355593
    endloop
endfacet
facet normal 0 0 0
    outer loop
        vertex 0.015380249306901572 -0.015368217849059231 -0.11350744571899009
        vertex 0.08248072368746012 0.00655632309321192 -0.08457949521511718
        vertex 0.09744629647347988 -0.027226534630213812 -0.15215796252355593
    endloop
endfacet
facet normal 0 0 0
    outer loop
        vertex 0.015380249306901572 -0.015368217849059231 -0.11350744571899009
        vertex 0.049047468599650895 -0.000373356391002503 -0.17611716987031376
        vertex 0.09744629647347988 -0.027226534630213812 -0.15215796252355593
    endloop
endfacet
facet normal 0 0 0
    outer loop
        vertex 0.049047468599650895 -0.000373356391002503 -0.17611716987031376
        vertex 0.08248072368746012 0.00655632309321192 -0.08457949521511718
        vertex 0.09744629647347988 -0.027226534630213812 -0.15215796252355593
    endloop
endfacet
facet normal 0 0 0
    outer loop
        vertex 0.049047468599650895 -0.000373356391002503 -0.17611716987031376
        vertex 0.015380249306901572 -0.015368217849059231 -0.11350744571899009
        vertex 0.08248072368746012 0.00655632309321192 -0.08457949521511718
    endloop
endfacet
facet normal 0 0 0
    outer loop
        vertex 0.015380249306901572 -0.015368217849059231 -0.11350744571899009
        vertex 0.09744629647347988 -0.027226534630213812 -0.15215796252355593
        vertex 0.08248072368746012 0.00655632309321192 -0.08457949521511718
    endloop
endfacet
facet normal 0 0 0
    outer loop
        vertex 0.049047468599650895 -0.000373356391002503 -0.17611716987031376
        vertex 0.10821647439595485 -0.003921462054801837 -0.1496934342900345
        vertex 0.09744629647347988 -0.027226534630213812 -0.15215796252355593
    endloop
endfacet
facet normal 0 0 0
    outer loop
        vertex 0.10821647439595485 -0.003921462054801837 -0.1496934342900345
        vertex 0.08248072368746012 0.00655632309321192 -0.08457949521511718
        vertex 0.09744629647347988 -0.027226534630213812 -0.15215796252355593
    endloop
endfacet
facet normal 0 0 0
    outer loop
        vertex 0.10821647439595485 -0.003921462054801837 -0.1496934342900345
        vertex 0.049047468599650895 -0.000373356391002503 -0.17611716987031376
        vertex 0.08248072368746012 0.00655632309321192 -0.08457949521511718
    endloop
endfacet
facet normal 0 0 0
    outer loop
        vertex 0.049047468599650895 -0.000373356391002503 -0.17611716987031376
        vertex 0.09744629647347988 -0.027226534630213812 -0.15215796252355593
        vertex 0.08248072368746012 0.00655632309321192 -0.08457949521511718
    endloop
endfacet
facet normal 0 0 0
    outer loop
        vertex 0.015380249306901572 -0.015368217849059231 -0.11350744571899009
        vertex 0.08248072368746012 0.00655632309321192 -0.08457949521511718
        vertex 0.027161334147555845 0.013157982170329832 -0.10792045621430901
    endloop
endfacet
facet normal 0 0 0
    outer loop
        vertex 0.08248072368746012 0.00655632309321192 -0.08457949521511718
        vertex 0.049047468599650895 -0.000373356391002503 -0.17611716987031376
        vertex 0.027161334147555845 0.013157982170329832 -0.10792045621430901
    endloop
endfacet
facet normal 0 0 0
    outer loop
        vertex 0.08248072368746012 0.00655632309321192 -0.08457949521511718
        vertex 0.015380249306901572 -0.015368217849059231 -0.11350744571899009
        vertex 0.049047468599650895 -0.000373356391002503 -0.17611716987031376
    endloop
endfacet
facet normal 0 0 0
    outer loop
        vertex 0.015380249306901572 -0.015368217849059231 -0.11350744571899009
        vertex 0.027161334147555845 0.013157982170329832 -0.10792045621430901
        vertex 0.049047468599650895 -0.000373356391002503 -0.17611716987031376
    endloop
endfacet
endsolid