solid tet_mesh
facet normal 0 0 0
    outer loop
        vertex 0.0 0.0 0.0
        vertex 0.022161225673769814 0.02590633950265176 -0.010439265951587217
        vertex 0.018888109477007465 -0.0021149416056897145 -0.012110570294487068
    endloop
endfacet
facet normal 0 0 0
    outer loop
        vertex 0.022161225673769814 0.02590633950265176 -0.010439265951587217
        vertex 0.02771018095680028 0.0009678833055423044 0.014831996897778914
        vertex 0.018888109477007465 -0.0021149416056897145 -0.012110570294487068
    endloop
endfacet
facet normal 0 0 0
    outer loop
        vertex 0.022161225673769814 0.02590633950265176 -0.010439265951587217
        vertex 0.0 0.0 0.0
        vertex 0.02771018095680028 0.0009678833055423044 0.014831996897778914
    endloop
endfacet
facet normal 0 0 0
    outer loop
        vertex 0.0 0.0 0.0
        vertex 0.018888109477007465 -0.0021149416056897145 -0.012110570294487068
        vertex 0.02771018095680028 0.0009678833055423044 0.014831996897778914
    endloop
endfacet
facet normal 0 0 0
    outer loop
        vertex 0.0 0.0 0.0
        vertex 0.0 0.0 0.025
        vertex 0.0 0.025 0.025
    endloop
endfacet
facet normal 0 0 0
    outer loop
        vertex 0.0 0.0 0.025
        vertex 0.02771018095680028 0.0009678833055423044 0.014831996897778914
        vertex 0.0 0.025 0.025
    endloop
endfacet
facet normal 0 0 0
    outer loop
        vertex 0.0 0.0 0.025
        vertex 0.0 0.0 0.0
        vertex 0.02771018095680028 0.0009678833055423044 0.014831996897778914
    endloop
endfacet
facet normal 0 0 0
    outer loop
        vertex 0.0 0.0 0.0
        vertex 0.0 0.025 0.025
        vertex 0.02771018095680028 0.0009678833055423044 0.014831996897778914
    endloop
endfacet
facet normal 0 0 0
    outer loop
        vertex 0.0 0.0 0.0
        vertex 0.022161225673769814 0.02590633950265176 -0.010439265951587217
        vertex 0.02771018095680028 0.0009678833055423044 0.014831996897778914
    endloop
endfacet
facet normal 0 0 0
    outer loop
        vertex 0.022161225673769814 0.02590633950265176 -0.010439265951587217
        vertex 0.0 0.025 0.025
        vertex 0.02771018095680028 0.0009678833055423044 0.014831996897778914
    endloop
endfacet
facet normal 0 0 0
    outer loop
        vertex 0.022161225673769814 0.02590633950265176 -0.010439265951587217
        vertex 0.0 0.0 0.0
        vertex 0.0 0.025 0.025
    endloop
endfacet
facet normal 0 0 0
    outer loop
        vertex 0.0 0.0 0.0
        vertex 0.02771018095680028 0.0009678833055423044 0.014831996897778914
        vertex 0.0 0.025 0.025
    endloop
endfacet
facet normal 0 0 0
    outer loop
        vertex 0.022161225673769814 0.02590633950265176 -0.010439265951587217
        vertex 0.030873586777698424 0.022478929259179947 0.013481720529227826
        vertex 0.02771018095680028 0.0009678833055423044 0.014831996897778914
    endloop
endfacet
facet normal 0 0 0
    outer loop
        vertex 0.030873586777698424 0.022478929259179947 0.013481720529227826
        vertex 0.0 0.025 0.025
        vertex 0.02771018095680028 0.0009678833055423044 0.014831996897778914
    endloop
endfacet
facet normal 0 0 0
    outer loop
        vertex 0.030873586777698424 0.022478929259179947 0.013481720529227826
        vertex 0.022161225673769814 0.02590633950265176 -0.010439265951587217
        vertex 0.0 0.025 0.025
    endloop
endfacet
facet normal 0 0 0
    outer loop
        vertex 0.022161225673769814 0.02590633950265176 -0.010439265951587217
        vertex 0.02771018095680028 0.0009678833055423044 0.014831996897778914
        vertex 0.0 0.025 0.025
    endloop
endfacet
facet normal 0 0 0
    outer loop
        vertex 0.0 0.0 0.0
        vertex 0.0 0.025 0.025
        vertex 0.0 0.025 0.0
    endloop
endfacet
facet normal 0 0 0
    outer loop
        vertex 0.0 0.025 0.025
        vertex 0.022161225673769814 0.02590633950265176 -0.010439265951587217
        vertex 0.0 0.025 0.0
    endloop
endfacet
facet normal 0 0 0
    outer loop
        vertex 0.0 0.025 0.025
        vertex 0.0 0.0 0.0
        vertex 0.022161225673769814 0.02590633950265176 -0.010439265951587217
    endloop
endfacet
facet normal 0 0 0
    outer loop
        vertex 0.0 0.0 0.0
        vertex 0.0 0.025 0.0
        vertex 0.022161225673769814 0.02590633950265176 -0.010439265951587217
    endloop
endfacet
facet normal 0 0 0
    outer loop
        vertex 0.018888109477007465 -0.0021149416056897145 -0.012110570294487068
        vertex 0.044290333536888965 0.022039495542582457 -0.026980114053577253
        vertex 0.0413450623267254 -0.0038420544622648077 -0.028376861429747522
    endloop
endfacet
facet normal 0 0 0
    outer loop
        vertex 0.044290333536888965 0.022039495542582457 -0.026980114053577253
        vertex 0.055192844514133955 -0.0032079576183007747 -0.0020365278362301058
        vertex 0.0413450623267254 -0.0038420544622648077 -0.028376861429747522
    endloop
endfacet
facet normal 0 0 0
    outer loop
        vertex 0.044290333536888965 0.022039495542582457 -0.026980114053577253
        vertex 0.018888109477007465 -0.0021149416056897145 -0.012110570294487068
        vertex 0.055192844514133955 -0.0032079576183007747 -0.0020365278362301058
    endloop
endfacet
facet normal 0 0 0
    outer loop
        vertex 0.018888109477007465 -0.0021149416056897145 -0.012110570294487068
        vertex 0.0413450623267254 -0.0038420544622648077 -0.028376861429747522
        vertex 0.055192844514133955 -0.0032079576183007747 -0.0020365278362301058
    endloop
endfacet
facet normal 0 0 0
    outer loop
        vertex 0.018888109477007465 -0.0021149416056897145 -0.012110570294487068
        vertex 0.02771018095680028 0.0009678833055423044 0.014831996897778914
        vertex 0.030873586777698424 0.022478929259179947 0.013481720529227826
    endloop
endfacet
facet normal 0 0 0
    outer loop
        vertex 0.02771018095680028 0.0009678833055423044 0.014831996897778914
        vertex 0.055192844514133955 -0.0032079576183007747 -0.0020365278362301058
        vertex 0.030873586777698424 0.022478929259179947 0.013481720529227826
    endloop
endfacet
facet normal 0 0 0
    outer loop
        vertex 0.02771018095680028 0.0009678833055423044 0.014831996897778914
        vertex 0.018888109477007465 -0.0021149416056897145 -0.012110570294487068
        vertex 0.055192844514133955 -0.0032079576183007747 -0.0020365278362301058
    endloop
endfacet
facet normal 0 0 0
    outer loop
        vertex 0.018888109477007465 -0.0021149416056897145 -0.012110570294487068
        vertex 0.030873586777698424 0.022478929259179947 0.013481720529227826
        vertex 0.055192844514133955 -0.0032079576183007747 -0.0020365278362301058
    endloop
endfacet
facet normal 0 0 0
    outer loop
        vertex 0.018888109477007465 -0.0021149416056897145 -0.012110570294487068
        vertex 0.044290333536888965 0.022039495542582457 -0.026980114053577253
        vertex 0.055192844514133955 -0.0032079576183007747 -0.0020365278362301058
    endloop
endfacet
facet normal 0 0 0
    outer loop
        vertex 0.044290333536888965 0.022039495542582457 -0.026980114053577253
        vertex 0.030873586777698424 0.022478929259179947 0.013481720529227826
        vertex 0.055192844514133955 -0.0032079576183007747 -0.0020365278362301058
    endloop
endfacet
facet normal 0 0 0
    outer loop
        vertex 0.044290333536888965 0.022039495542582457 -0.026980114053577253
        vertex 0.018888109477007465 -0.0021149416056897145 -0.012110570294487068
        vertex 0.030873586777698424 0.022478929259179947 0.013481720529227826
    endloop
endfacet
facet normal 0 0 0
    outer loop
        vertex 0.018888109477007465 -0.0021149416056897145 -0.012110570294487068
        vertex 0.055192844514133955 -0.0032079576183007747 -0.0020365278362301058
        vertex 0.030873586777698424 0.022478929259179947 0.013481720529227826
    endloop
endfacet
facet normal 0 0 0
    outer loop
        vertex 0.044290333536888965 0.022039495542582457 -0.026980114053577253
        vertex 0.058120180921865036 0.02038908077330298 -0.0023948738037792953
        vertex 0.055192844514133955 -0.0032079576183007747 -0.0020365278362301058
    endloop
endfacet
facet normal 0 0 0
    outer loop
        vertex 0.058120180921865036 0.02038908077330298 -0.0023948738037792953
        vertex 0.030873586777698424 0.022478929259179947 0.013481720529227826
        vertex 0.055192844514133955 -0.0032079576183007747 -0.0020365278362301058
    endloop
endfacet
facet normal 0 0 0
    outer loop
        vertex 0.058120180921865036 0.02038908077330298 -0.0023948738037792953
        vertex 0.044290333536888965 0.022039495542582457 -0.026980114053577253
        vertex 0.030873586777698424 0.022478929259179947 0.013481720529227826
    endloop
endfacet
facet normal 0 0 0
    outer loop
        vertex 0.044290333536888965 0.022039495542582457 -0.026980114053577253
        vertex 0.055192844514133955 -0.0032079576183007747 -0.0020365278362301058
        vertex 0.030873586777698424 0.022478929259179947 0.013481720529227826
    endloop
endfacet
facet normal 0 0 0
    outer loop
        vertex 0.018888109477007465 -0.0021149416056897145 -0.012110570294487068
        vertex 0.030873586777698424 0.022478929259179947 0.013481720529227826
        vertex 0.022161225673769814 0.02590633950265176 -0.010439265951587217
    endloop
endfacet
facet normal 0 0 0
    outer loop
        vertex 0.030873586777698424 0.022478929259179947 0.013481720529227826
        vertex 0.044290333536888965 0.022039495542582457 -0.026980114053577253
        vertex 0.022161225673769814 0.02590633950265176 -0.010439265951587217
    endloop
endfacet
facet normal 0 0 0
    outer loop
        vertex 0.030873586777698424 0.022478929259179947 0.013481720529227826
        vertex 0.018888109477007465 -0.0021149416056897145 -0.012110570294487068
        vertex 0.044290333536888965 0.022039495542582457 -0.026980114053577253
    endloop
endfacet
facet normal 0 0 0
    outer loop
        vertex 0.018888109477007465 -0.0021149416056897145 -0.012110570294487068
        vertex 0.022161225673769814 0.02590633950265176 -0.010439265951587217
        vertex 0.044290333536888965 0.022039495542582457 -0.026980114053577253
    endloop
endfacet
facet normal 0 0 0
    outer loop
        vertex 0.0413450623267254 -0.0038420544622648077 -0.028376861429747522
        vertex 0.06851186714991273 0.018656660902249374 -0.04402929246757844
        vertex 0.06534092397477581 -0.005955605312188172 -0.04578454431747712
    endloop
endfacet
facet normal 0 0 0
    outer loop
        vertex 0.06851186714991273 0.018656660902249374 -0.04402929246757844
        vertex 0.08061157411836997 -0.006806633657553453 -0.01928949063088898
        vertex 0.06534092397477581 -0.005955605312188172 -0.04578454431747712
    endloop
endfacet
facet normal 0 0 0
    outer loop
        vertex 0.06851186714991273 0.018656660902249374 -0.04402929246757844
        vertex 0.0413450623267254 -0.0038420544622648077 -0.028376861429747522
        vertex 0.08061157411836997 -0.006806633657553453 -0.01928949063088898
    endloop
endfacet
facet normal 0 0 0
    outer loop
        vertex 0.0413450623267254 -0.0038420544622648077 -0.028376861429747522
        vertex 0.06534092397477581 -0.005955605312188172 -0.04578454431747712
        vertex 0.08061157411836997 -0.006806633657553453 -0.01928949063088898
    endloop
endfacet
facet normal 0 0 0
    outer loop
        vertex 0.0413450623267254 -0.0038420544622648077 -0.028376861429747522
        vertex 0.055192844514133955 -0.0032079576183007747 -0.0020365278362301058
        vertex 0.058120180921865036 0.02038908077330298 -0.0023948738037792953
    endloop
endfacet
facet normal 0 0 0
    outer loop
        vertex 0.055192844514133955 -0.0032079576183007747 -0.0020365278362301058
        vertex 0.08061157411836997 -0.006806633657553453 -0.01928949063088898
        vertex 0.058120180921865036 0.02038908077330298 -0.0023948738037792953
    endloop
endfacet
facet normal 0 0 0
    outer loop
        vertex 0.055192844514133955 -0.0032079576183007747 -0.0020365278362301058
        vertex 0.0413450623267254 -0.0038420544622648077 -0.028376861429747522
        vertex 0.08061157411836997 -0.006806633657553453 -0.01928949063088898
    endloop
endfacet
facet normal 0 0 0
    outer loop
        vertex 0.0413450623267254 -0.0038420544622648077 -0.028376861429747522
        vertex 0.058120180921865036 0.02038908077330298 -0.0023948738037792953
        vertex 0.08061157411836997 -0.006806633657553453 -0.01928949063088898
    endloop
endfacet
facet normal 0 0 0
    outer loop
        vertex 0.0413450623267254 -0.0038420544622648077 -0.028376861429747522
        vertex 0.06851186714991273 0.018656660902249374 -0.04402929246757844
        vertex 0.08061157411836997 -0.006806633657553453 -0.01928949063088898
    endloop
endfacet
facet normal 0 0 0
    outer loop
        vertex 0.06851186714991273 0.018656660902249374 -0.04402929246757844
        vertex 0.058120180921865036 0.02038908077330298 -0.0023948738037792953
        vertex 0.08061157411836997 -0.006806633657553453 -0.01928949063088898
    endloop
endfacet
facet normal 0 0 0
    outer loop
        vertex 0.06851186714991273 0.018656660902249374 -0.04402929246757844
        vertex 0.0413450623267254 -0.0038420544622648077 -0.028376861429747522
        vertex 0.058120180921865036 0.02038908077330298 -0.0023948738037792953
    endloop
endfacet
facet normal 0 0 0
    outer loop
        vertex 0.0413450623267254 -0.0038420544622648077 -0.028376861429747522
        vertex 0.08061157411836997 -0.006806633657553453 -0.01928949063088898
        vertex 0.058120180921865036 0.02038908077330298 -0.0023948738037792953
    endloop
endfacet
facet normal 0 0 0
    outer loop
        vertex 0.06851186714991273 0.018656660902249374 -0.04402929246757844
        vertex 0.08330411859898872 0.01776963448629954 -0.018673358572508625
        vertex 0.08061157411836997 -0.006806633657553453 -0.01928949063088898
    endloop
endfacet
facet normal 0 0 0
    outer loop
        vertex 0.08330411859898872 0.01776963448629954 -0.018673358572508625
        vertex 0.058120180921865036 0.02038908077330298 -0.0023948738037792953
        vertex 0.08061157411836997 -0.006806633657553453 -0.01928949063088898
    endloop
endfacet
facet normal 0 0 0
    outer loop
        vertex 0.08330411859898872 0.01776963448629954 -0.018673358572508625
        vertex 0.06851186714991273 0.018656660902249374 -0.04402929246757844
        vertex 0.058120180921865036 0.02038908077330298 -0.0023948738037792953
    endloop
endfacet
facet normal 0 0 0
    outer loop
        vertex 0.06851186714991273 0.018656660902249374 -0.04402929246757844
        vertex 0.08061157411836997 -0.006806633657553453 -0.01928949063088898
        vertex 0.058120180921865036 0.02038908077330298 -0.0023948738037792953
    endloop
endfacet
facet normal 0 0 0
    outer loop
        vertex 0.0413450623267254 -0.0038420544622648077 -0.028376861429747522
        vertex 0.058120180921865036 0.02038908077330298 -0.0023948738037792953
        vertex 0.044290333536888965 0.022039495542582457 -0.026980114053577253
    endloop
endfacet
facet normal 0 0 0
    outer loop
        vertex 0.058120180921865036 0.02038908077330298 -0.0023948738037792953
        vertex 0.06851186714991273 0.018656660902249374 -0.04402929246757844
        vertex 0.044290333536888965 0.022039495542582457 -0.026980114053577253
    endloop
endfacet
facet normal 0 0 0
    outer loop
        vertex 0.058120180921865036 0.02038908077330298 -0.0023948738037792953
        vertex 0.0413450623267254 -0.0038420544622648077 -0.028376861429747522
        vertex 0.06851186714991273 0.018656660902249374 -0.04402929246757844
    endloop
endfacet
facet normal 0 0 0
    outer loop
        vertex 0.0413450623267254 -0.0038420544622648077 -0.028376861429747522
        vertex 0.044290333536888965 0.022039495542582457 -0.026980114053577253
        vertex 0.06851186714991273 0.018656660902249374 -0.04402929246757844
    endloop
endfacet
endsolid