solid tet_mesh
facet normal 0 0 0
    outer loop
        vertex 0.0 0.0 0.0
        vertex 0.022793565733138278 0.026236691013072515 -0.008135112860938402
        vertex 0.019125821481170147 -0.00033839229461311957 -0.011134339854004468
    endloop
endfacet
facet normal 0 0 0
    outer loop
        vertex 0.022793565733138278 0.026236691013072515 -0.008135112860938402
        vertex 0.027063120140792905 2.061671988844128e-05 0.01419881748877944
        vertex 0.019125821481170147 -0.00033839229461311957 -0.011134339854004468
    endloop
endfacet
facet normal 0 0 0
    outer loop
        vertex 0.022793565733138278 0.026236691013072515 -0.008135112860938402
        vertex 0.0 0.0 0.0
        vertex 0.027063120140792905 2.061671988844128e-05 0.01419881748877944
    endloop
endfacet
facet normal 0 0 0
    outer loop
        vertex 0.0 0.0 0.0
        vertex 0.019125821481170147 -0.00033839229461311957 -0.011134339854004468
        vertex 0.027063120140792905 2.061671988844128e-05 0.01419881748877944
    endloop
endfacet
facet normal 0 0 0
    outer loop
        vertex 0.0 0.0 0.0
        vertex 0.0 0.0 0.025
        vertex 0.0 0.025 0.025
    endloop
endfacet
facet normal 0 0 0
    outer loop
        vertex 0.0 0.0 0.025
        vertex 0.027063120140792905 2.061671988844128e-05 0.01419881748877944
        vertex 0.0 0.025 0.025
    endloop
endfacet
facet normal 0 0 0
    outer loop
        vertex 0.0 0.0 0.025
        vertex 0.0 0.0 0.0
        vertex 0.027063120140792905 2.061671988844128e-05 0.01419881748877944
    endloop
endfacet
facet normal 0 0 0
    outer loop
        vertex 0.0 0.0 0.0
        vertex 0.0 0.025 0.025
        vertex 0.027063120140792905 2.061671988844128e-05 0.01419881748877944
    endloop
endfacet
facet normal 0 0 0
    outer loop
        vertex 0.0 0.0 0.0
        vertex 0.022793565733138278 0.026236691013072515 -0.008135112860938402
        vertex 0.027063120140792905 2.061671988844128e-05 0.01419881748877944
    endloop
endfacet
facet normal 0 0 0
    outer loop
        vertex 0.022793565733138278 0.026236691013072515 -0.008135112860938402
        vertex 0.0 0.025 0.025
        vertex 0.027063120140792905 2.061671988844128e-05 0.01419881748877944
    endloop
endfacet
facet normal 0 0 0
    outer loop
        vertex 0.022793565733138278 0.026236691013072515 -0.008135112860938402
        vertex 0.0 0.0 0.0
        vertex 0.0 0.025 0.025
    endloop
endfacet
facet normal 0 0 0
    outer loop
        vertex 0.0 0.0 0.0
        vertex 0.027063120140792905 2.061671988844128e-05 0.01419881748877944
        vertex 0.0 0.025 0.025
    endloop
endfacet
facet normal 0 0 0
    outer loop
        vertex 0.022793565733138278 0.026236691013072515 -0.008135112860938402
        vertex 0.03007267911221128 0.021883679297692582 0.013541099350250167
        vertex 0.027063120140792905 2.061671988844128e-05 0.01419881748877944
    endloop
endfacet
facet normal 0 0 0
    outer loop
        vertex 0.03007267911221128 0.021883679297692582 0.013541099350250167
        vertex 0.0 0.025 0.025
        vertex 0.027063120140792905 2.061671988844128e-05 0.01419881748877944
    endloop
endfacet
facet normal 0 0 0
    outer loop
        vertex 0.03007267911221128 0.021883679297692582 0.013541099350250167
        vertex 0.022793565733138278 0.026236691013072515 -0.008135112860938402
        vertex 0.0 0.025 0.025
    endloop
endfacet
facet normal 0 0 0
    outer loop
        vertex 0.022793565733138278 0.026236691013072515 -0.008135112860938402
        vertex 0.027063120140792905 2.061671988844128e-05 0.01419881748877944
        vertex 0.0 0.025 0.025
    endloop
endfacet
facet normal 0 0 0
    outer loop
        vertex 0.0 0.0 0.0
        vertex 0.0 0.025 0.025
        vertex 0.0 0.025 0.0
    endloop
endfacet
facet normal 0 0 0
    outer loop
        vertex 0.0 0.025 0.025
        vertex 0.022793565733138278 0.026236691013072515 -0.008135112860938402
        vertex 0.0 0.025 0.0
    endloop
endfacet
facet normal 0 0 0
    outer loop
        vertex 0.0 0.025 0.025
        vertex 0.0 0.0 0.0
        vertex 0.022793565733138278 0.026236691013072515 -0.008135112860938402
    endloop
endfacet
facet normal 0 0 0
    outer loop
        vertex 0.0 0.0 0.0
        vertex 0.0 0.025 0.0
        vertex 0.022793565733138278 0.026236691013072515 -0.008135112860938402
    endloop
endfacet
facet normal 0 0 0
    outer loop
        vertex 0.019125821481170147 -0.00033839229461311957 -0.011134339854004468
        vertex 0.043259203979246326 0.0231688098680634 -0.022217899092800118
        vertex 0.039518741026901796 -0.0017152028202132169 -0.02416733727853107
    endloop
endfacet
facet normal 0 0 0
    outer loop
        vertex 0.043259203979246326 0.0231688098680634 -0.022217899092800118
        vertex 0.05060857199134376 -0.003711778247870349 -0.0009025073057652329
        vertex 0.039518741026901796 -0.0017152028202132169 -0.02416733727853107
    endloop
endfacet
facet normal 0 0 0
    outer loop
        vertex 0.043259203979246326 0.0231688098680634 -0.022217899092800118
        vertex 0.019125821481170147 -0.00033839229461311957 -0.011134339854004468
        vertex 0.05060857199134376 -0.003711778247870349 -0.0009025073057652329
    endloop
endfacet
facet normal 0 0 0
    outer loop
        vertex 0.019125821481170147 -0.00033839229461311957 -0.011134339854004468
        vertex 0.039518741026901796 -0.0017152028202132169 -0.02416733727853107
        vertex 0.05060857199134376 -0.003711778247870349 -0.0009025073057652329
    endloop
endfacet
facet normal 0 0 0
    outer loop
        vertex 0.019125821481170147 -0.00033839229461311957 -0.011134339854004468
        vertex 0.027063120140792905 2.061671988844128e-05 0.01419881748877944
        vertex 0.03007267911221128 0.021883679297692582 0.013541099350250167
    endloop
endfacet
facet normal 0 0 0
    outer loop
        vertex 0.027063120140792905 2.061671988844128e-05 0.01419881748877944
        vertex 0.05060857199134376 -0.003711778247870349 -0.0009025073057652329
        vertex 0.03007267911221128 0.021883679297692582 0.013541099350250167
    endloop
endfacet
facet normal 0 0 0
    outer loop
        vertex 0.027063120140792905 2.061671988844128e-05 0.01419881748877944
        vertex 0.019125821481170147 -0.00033839229461311957 -0.011134339854004468
        vertex 0.05060857199134376 -0.003711778247870349 -0.0009025073057652329
    endloop
endfacet
facet normal 0 0 0
    outer loop
        vertex 0.019125821481170147 -0.00033839229461311957 -0.011134339854004468
        vertex 0.03007267911221128 0.021883679297692582 0.013541099350250167
        vertex 0.05060857199134376 -0.003711778247870349 -0.0009025073057652329
    endloop
endfacet
facet normal 0 0 0
    outer loop
        vertex 0.019125821481170147 -0.00033839229461311957 -0.011134339854004468
        vertex 0.043259203979246326 0.0231688098680634 -0.022217899092800118
        vertex 0.05060857199134376 -0.003711778247870349 -0.0009025073057652329
    endloop
endfacet
facet normal 0 0 0
    outer loop
        vertex 0.043259203979246326 0.0231688098680634 -0.022217899092800118
        vertex 0.03007267911221128 0.021883679297692582 0.013541099350250167
        vertex 0.05060857199134376 -0.003711778247870349 -0.0009025073057652329
    endloop
endfacet
facet normal 0 0 0
    outer loop
        vertex 0.043259203979246326 0.0231688098680634 -0.022217899092800118
        vertex 0.019125821481170147 -0.00033839229461311957 -0.011134339854004468
        vertex 0.03007267911221128 0.021883679297692582 0.013541099350250167
    endloop
endfacet
facet normal 0 0 0
    outer loop
        vertex 0.019125821481170147 -0.00033839229461311957 -0.011134339854004468
        vertex 0.05060857199134376 -0.003711778247870349 -0.0009025073057652329
        vertex 0.03007267911221128 0.021883679297692582 0.013541099350250167
    endloop
endfacet
facet normal 0 0 0
    outer loop
        vertex 0.043259203979246326 0.0231688098680634 -0.022217899092800118
        vertex 0.05370565290614304 0.019912838679822294 -0.000439841876119753
        vertex 0.05060857199134376 -0.003711778247870349 -0.0009025073057652329
    endloop
endfacet
facet normal 0 0 0
    outer loop
        vertex 0.05370565290614304 0.019912838679822294 -0.000439841876119753
        vertex 0.03007267911221128 0.021883679297692582 0.013541099350250167
        vertex 0.05060857199134376 -0.003711778247870349 -0.0009025073057652329
    endloop
endfacet
facet normal 0 0 0
    outer loop
        vertex 0.05370565290614304 0.019912838679822294 -0.000439841876119753
        vertex 0.043259203979246326 0.0231688098680634 -0.022217899092800118
        vertex 0.03007267911221128 0.021883679297692582 0.013541099350250167
    endloop
endfacet
facet normal 0 0 0
    outer loop
        vertex 0.043259203979246326 0.0231688098680634 -0.022217899092800118
        vertex 0.05060857199134376 -0.003711778247870349 -0.0009025073057652329
        vertex 0.03007267911221128 0.021883679297692582 0.013541099350250167
    endloop
endfacet
facet normal 0 0 0
    outer loop
        vertex 0.019125821481170147 -0.00033839229461311957 -0.011134339854004468
        vertex 0.03007267911221128 0.021883679297692582 0.013541099350250167
        vertex 0.022793565733138278 0.026236691013072515 -0.008135112860938402
    endloop
endfacet
facet normal 0 0 0
    outer loop
        vertex 0.03007267911221128 0.021883679297692582 0.013541099350250167
        vertex 0.043259203979246326 0.0231688098680634 -0.022217899092800118
        vertex 0.022793565733138278 0.026236691013072515 -0.008135112860938402
    endloop
endfacet
facet normal 0 0 0
    outer loop
        vertex 0.03007267911221128 0.021883679297692582 0.013541099350250167
        vertex 0.019125821481170147 -0.00033839229461311957 -0.011134339854004468
        vertex 0.043259203979246326 0.0231688098680634 -0.022217899092800118
    endloop
endfacet
facet normal 0 0 0
    outer loop
        vertex 0.019125821481170147 -0.00033839229461311957 -0.011134339854004468
        vertex 0.022793565733138278 0.026236691013072515 -0.008135112860938402
        vertex 0.043259203979246326 0.0231688098680634 -0.022217899092800118
    endloop
endfacet
facet normal 0 0 0
    outer loop
        vertex 0.039518741026901796 -0.0017152028202132169 -0.02416733727853107
        vertex 0.06452289406862309 0.02036777950015562 -0.035707647263265085
        vertex 0.06066487749147002 -0.0036120169785646083 -0.03747201820863939
    endloop
endfacet
facet normal 0 0 0
    outer loop
        vertex 0.06452289406862309 0.02036777950015562 -0.035707647263265085
        vertex 0.07221021383774791 -0.006726455480639578 -0.01446724325831935
        vertex 0.06066487749147002 -0.0036120169785646083 -0.03747201820863939
    endloop
endfacet
facet normal 0 0 0
    outer loop
        vertex 0.06452289406862309 0.02036777950015562 -0.035707647263265085
        vertex 0.039518741026901796 -0.0017152028202132169 -0.02416733727853107
        vertex 0.07221021383774791 -0.006726455480639578 -0.01446724325831935
    endloop
endfacet
facet normal 0 0 0
    outer loop
        vertex 0.039518741026901796 -0.0017152028202132169 -0.02416733727853107
        vertex 0.06066487749147002 -0.0036120169785646083 -0.03747201820863939
        vertex 0.07221021383774791 -0.006726455480639578 -0.01446724325831935
    endloop
endfacet
facet normal 0 0 0
    outer loop
        vertex 0.039518741026901796 -0.0017152028202132169 -0.02416733727853107
        vertex 0.05060857199134376 -0.003711778247870349 -0.0009025073057652329
        vertex 0.05370565290614304 0.019912838679822294 -0.000439841876119753
    endloop
endfacet
facet normal 0 0 0
    outer loop
        vertex 0.05060857199134376 -0.003711778247870349 -0.0009025073057652329
        vertex 0.07221021383774791 -0.006726455480639578 -0.01446724325831935
        vertex 0.05370565290614304 0.019912838679822294 -0.000439841876119753
    endloop
endfacet
facet normal 0 0 0
    outer loop
        vertex 0.05060857199134376 -0.003711778247870349 -0.0009025073057652329
        vertex 0.039518741026901796 -0.0017152028202132169 -0.02416733727853107
        vertex 0.07221021383774791 -0.006726455480639578 -0.01446724325831935
    endloop
endfacet
facet normal 0 0 0
    outer loop
        vertex 0.039518741026901796 -0.0017152028202132169 -0.02416733727853107
        vertex 0.05370565290614304 0.019912838679822294 -0.000439841876119753
        vertex 0.07221021383774791 -0.006726455480639578 -0.01446724325831935
    endloop
endfacet
facet normal 0 0 0
    outer loop
        vertex 0.039518741026901796 -0.0017152028202132169 -0.02416733727853107
        vertex 0.06452289406862309 0.02036777950015562 -0.035707647263265085
        vertex 0.07221021383774791 -0.006726455480639578 -0.01446724325831935
    endloop
endfacet
facet normal 0 0 0
    outer loop
        vertex 0.06452289406862309 0.02036777950015562 -0.035707647263265085
        vertex 0.05370565290614304 0.019912838679822294 -0.000439841876119753
        vertex 0.07221021383774791 -0.006726455480639578 -0.01446724325831935
    endloop
endfacet
facet normal 0 0 0
    outer loop
        vertex 0.06452289406862309 0.02036777950015562 -0.035707647263265085
        vertex 0.039518741026901796 -0.0017152028202132169 -0.02416733727853107
        vertex 0.05370565290614304 0.019912838679822294 -0.000439841876119753
    endloop
endfacet
facet normal 0 0 0
    outer loop
        vertex 0.039518741026901796 -0.0017152028202132169 -0.02416733727853107
        vertex 0.07221021383774791 -0.006726455480639578 -0.01446724325831935
        vertex 0.05370565290614304 0.019912838679822294 -0.000439841876119753
    endloop
endfacet
facet normal 0 0 0
    outer loop
        vertex 0.06452289406862309 0.02036777950015562 -0.035707647263265085
        vertex 0.07551594703488759 0.017558331715759573 -0.01309760217881209
        vertex 0.07221021383774791 -0.006726455480639578 -0.01446724325831935
    endloop
endfacet
facet normal 0 0 0
    outer loop
        vertex 0.07551594703488759 0.017558331715759573 -0.01309760217881209
        vertex 0.05370565290614304 0.019912838679822294 -0.000439841876119753
        vertex 0.07221021383774791 -0.006726455480639578 -0.01446724325831935
    endloop
endfacet
facet normal 0 0 0
    outer loop
        vertex 0.07551594703488759 0.017558331715759573 -0.01309760217881209
        vertex 0.06452289406862309 0.02036777950015562 -0.035707647263265085
        vertex 0.05370565290614304 0.019912838679822294 -0.000439841876119753
    endloop
endfacet
facet normal 0 0 0
    outer loop
        vertex 0.06452289406862309 0.02036777950015562 -0.035707647263265085
        vertex 0.07221021383774791 -0.006726455480639578 -0.01446724325831935
        vertex 0.05370565290614304 0.019912838679822294 -0.000439841876119753
    endloop
endfacet
facet normal 0 0 0
    outer loop
        vertex 0.039518741026901796 -0.0017152028202132169 -0.02416733727853107
        vertex 0.05370565290614304 0.019912838679822294 -0.000439841876119753
        vertex 0.043259203979246326 0.0231688098680634 -0.022217899092800118
    endloop
endfacet
facet normal 0 0 0
    outer loop
        vertex 0.05370565290614304 0.019912838679822294 -0.000439841876119753
        vertex 0.06452289406862309 0.02036777950015562 -0.035707647263265085
        vertex 0.043259203979246326 0.0231688098680634 -0.022217899092800118
    endloop
endfacet
facet normal 0 0 0
    outer loop
        vertex 0.05370565290614304 0.019912838679822294 -0.000439841876119753
        vertex 0.039518741026901796 -0.0017152028202132169 -0.02416733727853107
        vertex 0.06452289406862309 0.02036777950015562 -0.035707647263265085
    endloop
endfacet
facet normal 0 0 0
    outer loop
        vertex 0.039518741026901796 -0.0017152028202132169 -0.02416733727853107
        vertex 0.043259203979246326 0.0231688098680634 -0.022217899092800118
        vertex 0.06452289406862309 0.02036777950015562 -0.035707647263265085
    endloop
endfacet
endsolid