solid tet_mesh
facet normal 0 0 0
    outer loop
        vertex 0.0 0.0 0.0
        vertex 0.018648496686244208 0.027540044796555103 -0.014634362149870973
        vertex 0.00969672743594427 -0.00768909141295376 -0.016135608339759015
    endloop
endfacet
facet normal 0 0 0
    outer loop
        vertex 0.018648496686244208 0.027540044796555103 -0.014634362149870973
        vertex 0.03134434039751041 0.0025386552273265637 0.010367370566841588
        vertex 0.00969672743594427 -0.00768909141295376 -0.016135608339759015
    endloop
endfacet
facet normal 0 0 0
    outer loop
        vertex 0.018648496686244208 0.027540044796555103 -0.014634362149870973
        vertex 0.0 0.0 0.0
        vertex 0.03134434039751041 0.0025386552273265637 0.010367370566841588
    endloop
endfacet
facet normal 0 0 0
    outer loop
        vertex 0.0 0.0 0.0
        vertex 0.00969672743594427 -0.00768909141295376 -0.016135608339759015
        vertex 0.03134434039751041 0.0025386552273265637 0.010367370566841588
    endloop
endfacet
facet normal 0 0 0
    outer loop
        vertex 0.0 0.0 0.0
        vertex 0.0 0.0 0.025
        vertex 0.0 0.025 0.025
    endloop
endfacet
facet normal 0 0 0
    outer loop
        vertex 0.0 0.0 0.025
        vertex 0.03134434039751041 0.0025386552273265637 0.010367370566841588
        vertex 0.0 0.025 0.025
    endloop
endfacet
facet normal 0 0 0
    outer loop
        vertex 0.0 0.0 0.025
        vertex 0.0 0.0 0.0
        vertex 0.03134434039751041 0.0025386552273265637 0.010367370566841588
    endloop
endfacet
facet normal 0 0 0
    outer loop
        vertex 0.0 0.0 0.0
        vertex 0.0 0.025 0.025
        vertex 0.03134434039751041 0.0025386552273265637 0.010367370566841588
    endloop
endfacet
facet normal 0 0 0
    outer loop
        vertex 0.0 0.0 0.0
        vertex 0.018648496686244208 0.027540044796555103 -0.014634362149870973
        vertex 0.03134434039751041 0.0025386552273265637 0.010367370566841588
    endloop
endfacet
facet normal 0 0 0
    outer loop
        vertex 0.018648496686244208 0.027540044796555103 -0.014634362149870973
        vertex 0.0 0.025 0.025
        vertex 0.03134434039751041 0.0025386552273265637 0.010367370566841588
    endloop
endfacet
facet normal 0 0 0
    outer loop
        vertex 0.018648496686244208 0.027540044796555103 -0.014634362149870973
        vertex 0.0 0.0 0.0
        vertex 0.0 0.025 0.025
    endloop
endfacet
facet normal 0 0 0
    outer loop
        vertex 0.0 0.0 0.0
        vertex 0.03134434039751041 0.0025386552273265637 0.010367370566841588
        vertex 0.0 0.025 0.025
    endloop
endfacet
facet normal 0 0 0
    outer loop
        vertex 0.018648496686244208 0.027540044796555103 -0.014634362149870973
        vertex 0.04030536345311976 0.017314747431305386 0.008869263080983115
        vertex 0.03134434039751041 0.0025386552273265637 0.010367370566841588
    endloop
endfacet
facet normal 0 0 0
    outer loop
        vertex 0.04030536345311976 0.017314747431305386 0.008869263080983115
        vertex 0.0 0.025 0.025
        vertex 0.03134434039751041 0.0025386552273265637 0.010367370566841588
    endloop
endfacet
facet normal 0 0 0
    outer loop
        vertex 0.04030536345311976 0.017314747431305386 0.008869263080983115
        vertex 0.018648496686244208 0.027540044796555103 -0.014634362149870973
        vertex 0.0 0.025 0.025
    endloop
endfacet
facet normal 0 0 0
    outer loop
        vertex 0.018648496686244208 0.027540044796555103 -0.014634362149870973
        vertex 0.03134434039751041 0.0025386552273265637 0.010367370566841588
        vertex 0.0 0.025 0.025
    endloop
endfacet
facet normal 0 0 0
    outer loop
        vertex 0.0 0.0 0.0
        vertex 0.0 0.025 0.025
        vertex 0.0 0.025 0.0
    endloop
endfacet
facet normal 0 0 0
    outer loop
        vertex 0.0 0.025 0.025
        vertex 0.018648496686244208 0.027540044796555103 -0.014634362149870973
        vertex 0.0 0.025 0.0
    endloop
endfacet
facet normal 0 0 0
    outer loop
        vertex 0.0 0.025 0.025
        vertex 0.0 0.0 0.0
        vertex 0.018648496686244208 0.027540044796555103 -0.014634362149870973
    endloop
endfacet
facet normal 0 0 0
    outer loop
        vertex 0.0 0.0 0.0
        vertex 0.0 0.025 0.0
        vertex 0.018648496686244208 0.027540044796555103 -0.014634362149870973
    endloop
endfacet
facet normal 0 0 0
    outer loop
        vertex 0.00969672743594427 -0.00768909141295376 -0.016135608339759015
        vertex 0.03178611759478462 0.018361533750049765 -0.05430500615869589
        vertex 0.02329819695356612 -0.01411978229923546 -0.05577263226061709
    endloop
endfacet
facet normal 0 0 0
    outer loop
        vertex 0.03178611759478462 0.018361533750049765 -0.05430500615869589
        vertex 0.06818268013729595 -0.0066452158151586345 -0.029291364771705963
        vertex 0.02329819695356612 -0.01411978229923546 -0.05577263226061709
    endloop
endfacet
facet normal 0 0 0
    outer loop
        vertex 0.03178611759478462 0.018361533750049765 -0.05430500615869589
        vertex 0.00969672743594427 -0.00768909141295376 -0.016135608339759015
        vertex 0.06818268013729595 -0.0066452158151586345 -0.029291364771705963
    endloop
endfacet
facet normal 0 0 0
    outer loop
        vertex 0.00969672743594427 -0.00768909141295376 -0.016135608339759015
        vertex 0.02329819695356612 -0.01411978229923546 -0.05577263226061709
        vertex 0.06818268013729595 -0.0066452158151586345 -0.029291364771705963
    endloop
endfacet
facet normal 0 0 0
    outer loop
        vertex 0.00969672743594427 -0.00768909141295376 -0.016135608339759015
        vertex 0.03134434039751041 0.0025386552273265637 0.010367370566841588
        vertex 0.04030536345311976 0.017314747431305386 0.008869263080983115
    endloop
endfacet
facet normal 0 0 0
    outer loop
        vertex 0.03134434039751041 0.0025386552273265637 0.010367370566841588
        vertex 0.06818268013729595 -0.0066452158151586345 -0.029291364771705963
        vertex 0.04030536345311976 0.017314747431305386 0.008869263080983115
    endloop
endfacet
facet normal 0 0 0
    outer loop
        vertex 0.03134434039751041 0.0025386552273265637 0.010367370566841588
        vertex 0.00969672743594427 -0.00768909141295376 -0.016135608339759015
        vertex 0.06818268013729595 -0.0066452158151586345 -0.029291364771705963
    endloop
endfacet
facet normal 0 0 0
    outer loop
        vertex 0.00969672743594427 -0.00768909141295376 -0.016135608339759015
        vertex 0.04030536345311976 0.017314747431305386 0.008869263080983115
        vertex 0.06818268013729595 -0.0066452158151586345 -0.029291364771705963
    endloop
endfacet
facet normal 0 0 0
    outer loop
        vertex 0.00969672743594427 -0.00768909141295376 -0.016135608339759015
        vertex 0.03178611759478462 0.018361533750049765 -0.05430500615869589
        vertex 0.06818268013729595 -0.0066452158151586345 -0.029291364771705963
    endloop
endfacet
facet normal 0 0 0
    outer loop
        vertex 0.03178611759478462 0.018361533750049765 -0.05430500615869589
        vertex 0.04030536345311976 0.017314747431305386 0.008869263080983115
        vertex 0.06818268013729595 -0.0066452158151586345 -0.029291364771705963
    endloop
endfacet
facet normal 0 0 0
    outer loop
        vertex 0.03178611759478462 0.018361533750049765 -0.05430500615869589
        vertex 0.00969672743594427 -0.00768909141295376 -0.016135608339759015
        vertex 0.04030536345311976 0.017314747431305386 0.008869263080983115
    endloop
endfacet
facet normal 0 0 0
    outer loop
        vertex 0.00969672743594427 -0.00768909141295376 -0.016135608339759015
        vertex 0.06818268013729595 -0.0066452158151586345 -0.029291364771705963
        vertex 0.04030536345311976 0.017314747431305386 0.008869263080983115
    endloop
endfacet
facet normal 0 0 0
    outer loop
        vertex 0.03178611759478462 0.018361533750049765 -0.05430500615869589
        vertex 0.07673035931253816 0.010856703185566448 -0.03077271598705566
        vertex 0.06818268013729595 -0.0066452158151586345 -0.029291364771705963
    endloop
endfacet
facet normal 0 0 0
    outer loop
        vertex 0.07673035931253816 0.010856703185566448 -0.03077271598705566
        vertex 0.04030536345311976 0.017314747431305386 0.008869263080983115
        vertex 0.06818268013729595 -0.0066452158151586345 -0.029291364771705963
    endloop
endfacet
facet normal 0 0 0
    outer loop
        vertex 0.07673035931253816 0.010856703185566448 -0.03077271598705566
        vertex 0.03178611759478462 0.018361533750049765 -0.05430500615869589
        vertex 0.04030536345311976 0.017314747431305386 0.008869263080983115
    endloop
endfacet
facet normal 0 0 0
    outer loop
        vertex 0.03178611759478462 0.018361533750049765 -0.05430500615869589
        vertex 0.06818268013729595 -0.0066452158151586345 -0.029291364771705963
        vertex 0.04030536345311976 0.017314747431305386 0.008869263080983115
    endloop
endfacet
facet normal 0 0 0
    outer loop
        vertex 0.00969672743594427 -0.00768909141295376 -0.016135608339759015
        vertex 0.04030536345311976 0.017314747431305386 0.008869263080983115
        vertex 0.018648496686244208 0.027540044796555103 -0.014634362149870973
    endloop
endfacet
facet normal 0 0 0
    outer loop
        vertex 0.04030536345311976 0.017314747431305386 0.008869263080983115
        vertex 0.03178611759478462 0.018361533750049765 -0.05430500615869589
        vertex 0.018648496686244208 0.027540044796555103 -0.014634362149870973
    endloop
endfacet
facet normal 0 0 0
    outer loop
        vertex 0.04030536345311976 0.017314747431305386 0.008869263080983115
        vertex 0.00969672743594427 -0.00768909141295376 -0.016135608339759015
        vertex 0.03178611759478462 0.018361533750049765 -0.05430500615869589
    endloop
endfacet
facet normal 0 0 0
    outer loop
        vertex 0.00969672743594427 -0.00768909141295376 -0.016135608339759015
        vertex 0.018648496686244208 0.027540044796555103 -0.014634362149870973
        vertex 0.03178611759478462 0.018361533750049765 -0.05430500615869589
    endloop
endfacet
facet normal 0 0 0
    outer loop
        vertex 0.02329819695356612 -0.01411978229923546 -0.05577263226061709
        vertex 0.04839558814000998 0.009428615994700087 -0.11389562565721684
        vertex 0.04015942206716838 -0.02053027214397017 -0.11530352176565434
    endloop
endfacet
facet normal 0 0 0
    outer loop
        vertex 0.04839558814000998 0.009428615994700087 -0.11389562565721684
        vertex 0.10154345760704957 -0.015562727707642185 -0.08875370970810376
        vertex 0.04015942206716838 -0.02053027214397017 -0.11530352176565434
    endloop
endfacet
facet normal 0 0 0
    outer loop
        vertex 0.04839558814000998 0.009428615994700087 -0.11389562565721684
        vertex 0.02329819695356612 -0.01411978229923546 -0.05577263226061709
        vertex 0.10154345760704957 -0.015562727707642185 -0.08875370970810376
    endloop
endfacet
facet normal 0 0 0
    outer loop
        vertex 0.02329819695356612 -0.01411978229923546 -0.05577263226061709
        vertex 0.04015942206716838 -0.02053027214397017 -0.11530352176565434
        vertex 0.10154345760704957 -0.015562727707642185 -0.08875370970810376
    endloop
endfacet
facet normal 0 0 0
    outer loop
        vertex 0.02329819695356612 -0.01411978229923546 -0.05577263226061709
        vertex 0.06818268013729595 -0.0066452158151586345 -0.029291364771705963
        vertex 0.07673035931253816 0.010856703185566448 -0.03077271598705566
    endloop
endfacet
facet normal 0 0 0
    outer loop
        vertex 0.06818268013729595 -0.0066452158151586345 -0.029291364771705963
        vertex 0.10154345760704957 -0.015562727707642185 -0.08875370970810376
        vertex 0.07673035931253816 0.010856703185566448 -0.03077271598705566
    endloop
endfacet
facet normal 0 0 0
    outer loop
        vertex 0.06818268013729595 -0.0066452158151586345 -0.029291364771705963
        vertex 0.02329819695356612 -0.01411978229923546 -0.05577263226061709
        vertex 0.10154345760704957 -0.015562727707642185 -0.08875370970810376
    endloop
endfacet
facet normal 0 0 0
    outer loop
        vertex 0.02329819695356612 -0.01411978229923546 -0.05577263226061709
        vertex 0.07673035931253816 0.010856703185566448 -0.03077271598705566
        vertex 0.10154345760704957 -0.015562727707642185 -0.08875370970810376
    endloop
endfacet
facet normal 0 0 0
    outer loop
        vertex 0.02329819695356612 -0.01411978229923546 -0.05577263226061709
        vertex 0.04839558814000998 0.009428615994700087 -0.11389562565721684
        vertex 0.10154345760704957 -0.015562727707642185 -0.08875370970810376
    endloop
endfacet
facet normal 0 0 0
    outer loop
        vertex 0.04839558814000998 0.009428615994700087 -0.11389562565721684
        vertex 0.07673035931253816 0.010856703185566448 -0.03077271598705566
        vertex 0.10154345760704957 -0.015562727707642185 -0.08875370970810376
    endloop
endfacet
facet normal 0 0 0
    outer loop
        vertex 0.04839558814000998 0.009428615994700087 -0.11389562565721684
        vertex 0.02329819695356612 -0.01411978229923546 -0.05577263226061709
        vertex 0.07673035931253816 0.010856703185566448 -0.03077271598705566
    endloop
endfacet
facet normal 0 0 0
    outer loop
        vertex 0.02329819695356612 -0.01411978229923546 -0.05577263226061709
        vertex 0.10154345760704957 -0.015562727707642185 -0.08875370970810376
        vertex 0.07673035931253816 0.010856703185566448 -0.03077271598705566
    endloop
endfacet
facet normal 0 0 0
    outer loop
        vertex 0.04839558814000998 0.009428615994700087 -0.11389562565721684
        vertex 0.10971929020228666 0.00425676799366027 -0.09000136926758728
        vertex 0.10154345760704957 -0.015562727707642185 -0.08875370970810376
    endloop
endfacet
facet normal 0 0 0
    outer loop
        vertex 0.10971929020228666 0.00425676799366027 -0.09000136926758728
        vertex 0.07673035931253816 0.010856703185566448 -0.03077271598705566
        vertex 0.10154345760704957 -0.015562727707642185 -0.08875370970810376
    endloop
endfacet
facet normal 0 0 0
    outer loop
        vertex 0.10971929020228666 0.00425676799366027 -0.09000136926758728
        vertex 0.04839558814000998 0.009428615994700087 -0.11389562565721684
        vertex 0.07673035931253816 0.010856703185566448 -0.03077271598705566
    endloop
endfacet
facet normal 0 0 0
    outer loop
        vertex 0.04839558814000998 0.009428615994700087 -0.11389562565721684
        vertex 0.10154345760704957 -0.015562727707642185 -0.08875370970810376
        vertex 0.07673035931253816 0.010856703185566448 -0.03077271598705566
    endloop
endfacet
facet normal 0 0 0
    outer loop
        vertex 0.02329819695356612 -0.01411978229923546 -0.05577263226061709
        vertex 0.07673035931253816 0.010856703185566448 -0.03077271598705566
        vertex 0.03178611759478462 0.018361533750049765 -0.05430500615869589
    endloop
endfacet
facet normal 0 0 0
    outer loop
        vertex 0.07673035931253816 0.010856703185566448 -0.03077271598705566
        vertex 0.04839558814000998 0.009428615994700087 -0.11389562565721684
        vertex 0.03178611759478462 0.018361533750049765 -0.05430500615869589
    endloop
endfacet
facet normal 0 0 0
    outer loop
        vertex 0.07673035931253816 0.010856703185566448 -0.03077271598705566
        vertex 0.02329819695356612 -0.01411978229923546 -0.05577263226061709
        vertex 0.04839558814000998 0.009428615994700087 -0.11389562565721684
    endloop
endfacet
facet normal 0 0 0
    outer loop
        vertex 0.02329819695356612 -0.01411978229923546 -0.05577263226061709
        vertex 0.03178611759478462 0.018361533750049765 -0.05430500615869589
        vertex 0.04839558814000998 0.009428615994700087 -0.11389562565721684
    endloop
endfacet
facet normal 0 0 0
    outer loop
        vertex 0.04015942206716838 -0.02053027214397017 -0.11530352176565434
        vertex 0.06796969778997693 0.0007846536595452307 -0.18559358925756456
        vertex 0.059971231274859066 -0.02716315358446438 -0.18688714421477573
    endloop
endfacet
facet normal 0 0 0
    outer loop
        vertex 0.06796969778997693 0.0007846536595452307 -0.18559358925756456
        vertex 0.13176387716355623 -0.024353057294605514 -0.1606308987045095
        vertex 0.059971231274859066 -0.02716315358446438 -0.18688714421477573
    endloop
endfacet
facet normal 0 0 0
    outer loop
        vertex 0.06796969778997693 0.0007846536595452307 -0.18559358925756456
        vertex 0.04015942206716838 -0.02053027214397017 -0.11530352176565434
        vertex 0.13176387716355623 -0.024353057294605514 -0.1606308987045095
    endloop
endfacet
facet normal 0 0 0
    outer loop
        vertex 0.04015942206716838 -0.02053027214397017 -0.11530352176565434
        vertex 0.059971231274859066 -0.02716315358446438 -0.18688714421477573
        vertex 0.13176387716355623 -0.024353057294605514 -0.1606308987045095
    endloop
endfacet
facet normal 0 0 0
    outer loop
        vertex 0.04015942206716838 -0.02053027214397017 -0.11530352176565434
        vertex 0.10154345760704957 -0.015562727707642185 -0.08875370970810376
        vertex 0.10971929020228666 0.00425676799366027 -0.09000136926758728
    endloop
endfacet
facet normal 0 0 0
    outer loop
        vertex 0.10154345760704957 -0.015562727707642185 -0.08875370970810376
        vertex 0.13176387716355623 -0.024353057294605514 -0.1606308987045095
        vertex 0.10971929020228666 0.00425676799366027 -0.09000136926758728
    endloop
endfacet
facet normal 0 0 0
    outer loop
        vertex 0.10154345760704957 -0.015562727707642185 -0.08875370970810376
        vertex 0.04015942206716838 -0.02053027214397017 -0.11530352176565434
        vertex 0.13176387716355623 -0.024353057294605514 -0.1606308987045095
    endloop
endfacet
facet normal 0 0 0
    outer loop
        vertex 0.04015942206716838 -0.02053027214397017 -0.11530352176565434
        vertex 0.10971929020228666 0.00425676799366027 -0.09000136926758728
        vertex 0.13176387716355623 -0.024353057294605514 -0.1606308987045095
    endloop
endfacet
facet normal 0 0 0
    outer loop
        vertex 0.04015942206716838 -0.02053027214397017 -0.11530352176565434
        vertex 0.06796969778997693 0.0007846536595452307 -0.18559358925756456
        vertex 0.13176387716355623 -0.024353057294605514 -0.1606308987045095
    endloop
endfacet
facet normal 0 0 0
    outer loop
        vertex 0.06796969778997693 0.0007846536595452307 -0.18559358925756456
        vertex 0.10971929020228666 0.00425676799366027 -0.09000136926758728
        vertex 0.13176387716355623 -0.024353057294605514 -0.1606308987045095
    endloop
endfacet
facet normal 0 0 0
    outer loop
        vertex 0.06796969778997693 0.0007846536595452307 -0.18559358925756456
        vertex 0.04015942206716838 -0.02053027214397017 -0.11530352176565434
        vertex 0.10971929020228666 0.00425676799366027 -0.09000136926758728
    endloop
endfacet
facet normal 0 0 0
    outer loop
        vertex 0.04015942206716838 -0.02053027214397017 -0.11530352176565434
        vertex 0.13176387716355623 -0.024353057294605514 -0.1606308987045095
        vertex 0.10971929020228666 0.00425676799366027 -0.09000136926758728
    endloop
endfacet
facet normal 0 0 0
    outer loop
        vertex 0.06796969778997693 0.0007846536595452307 -0.18559358925756456
        vertex 0.13975074266224918 -0.002544181959686788 -0.16139847271447244
        vertex 0.13176387716355623 -0.024353057294605514 -0.1606308987045095
    endloop
endfacet
facet normal 0 0 0
    outer loop
        vertex 0.13975074266224918 -0.002544181959686788 -0.16139847271447244
        vertex 0.10971929020228666 0.00425676799366027 -0.09000136926758728
        vertex 0.13176387716355623 -0.024353057294605514 -0.1606308987045095
    endloop
endfacet
facet normal 0 0 0
    outer loop
        vertex 0.13975074266224918 -0.002544181959686788 -0.16139847271447244
        vertex 0.06796969778997693 0.0007846536595452307 -0.18559358925756456
        vertex 0.10971929020228666 0.00425676799366027 -0.09000136926758728
    endloop
endfacet
facet normal 0 0 0
    outer loop
        vertex 0.06796969778997693 0.0007846536595452307 -0.18559358925756456
        vertex 0.13176387716355623 -0.024353057294605514 -0.1606308987045095
        vertex 0.10971929020228666 0.00425676799366027 -0.09000136926758728
    endloop
endfacet
facet normal 0 0 0
    outer loop
        vertex 0.04015942206716838 -0.02053027214397017 -0.11530352176565434
        vertex 0.10971929020228666 0.00425676799366027 -0.09000136926758728
        vertex 0.04839558814000998 0.009428615994700087 -0.11389562565721684
    endloop
endfacet
facet normal 0 0 0
    outer loop
        vertex 0.10971929020228666 0.00425676799366027 -0.09000136926758728
        vertex 0.06796969778997693 0.0007846536595452307 -0.18559358925756456
        vertex 0.04839558814000998 0.009428615994700087 -0.11389562565721684
    endloop
endfacet
facet normal 0 0 0
    outer loop
        vertex 0.10971929020228666 0.00425676799366027 -0.09000136926758728
        vertex 0.04015942206716838 -0.02053027214397017 -0.11530352176565434
        vertex 0.06796969778997693 0.0007846536595452307 -0.18559358925756456
    endloop
endfacet
facet normal 0 0 0
    outer loop
        vertex 0.04015942206716838 -0.02053027214397017 -0.11530352176565434
        vertex 0.04839558814000998 0.009428615994700087 -0.11389562565721684
        vertex 0.06796969778997693 0.0007846536595452307 -0.18559358925756456
    endloop
endfacet
facet normal 0 0 0
    outer loop
        vertex 0.059971231274859066 -0.02716315358446438 -0.18688714421477573
        vertex 0.08989299667947206 -0.007594112423733174 -0.2641492830939784
        vertex 0.08206022876098774 -0.03404411726851036 -0.2653221933484318
    endloop
endfacet
facet normal 0 0 0
    outer loop
        vertex 0.08989299667947206 -0.007594112423733174 -0.2641492830939784
        vertex 0.15965982164982026 -0.03290735840638699 -0.23935775181298294
        vertex 0.08206022876098774 -0.03404411726851036 -0.2653221933484318
    endloop
endfacet
facet normal 0 0 0
    outer loop
        vertex 0.08989299667947206 -0.007594112423733174 -0.2641492830939784
        vertex 0.059971231274859066 -0.02716315358446438 -0.18688714421477573
        vertex 0.15965982164982026 -0.03290735840638699 -0.23935775181298294
    endloop
endfacet
facet normal 0 0 0
    outer loop
        vertex 0.059971231274859066 -0.02716315358446438 -0.18688714421477573
        vertex 0.08206022876098774 -0.03404411726851036 -0.2653221933484318
        vertex 0.15965982164982026 -0.03290735840638699 -0.23935775181298294
    endloop
endfacet
facet normal 0 0 0
    outer loop
        vertex 0.059971231274859066 -0.02716315358446438 -0.18688714421477573
        vertex 0.13176387716355623 -0.024353057294605514 -0.1606308987045095
        vertex 0.13975074266224918 -0.002544181959686788 -0.16139847271447244
    endloop
endfacet
facet normal 0 0 0
    outer loop
        vertex 0.13176387716355623 -0.024353057294605514 -0.1606308987045095
        vertex 0.15965982164982026 -0.03290735840638699 -0.23935775181298294
        vertex 0.13975074266224918 -0.002544181959686788 -0.16139847271447244
    endloop
endfacet
facet normal 0 0 0
    outer loop
        vertex 0.13176387716355623 -0.024353057294605514 -0.1606308987045095
        vertex 0.059971231274859066 -0.02716315358446438 -0.18688714421477573
        vertex 0.15965982164982026 -0.03290735840638699 -0.23935775181298294
    endloop
endfacet
facet normal 0 0 0
    outer loop
        vertex 0.059971231274859066 -0.02716315358446438 -0.18688714421477573
        vertex 0.13975074266224918 -0.002544181959686788 -0.16139847271447244
        vertex 0.15965982164982026 -0.03290735840638699 -0.23935775181298294
    endloop
endfacet
facet normal 0 0 0
    outer loop
        vertex 0.059971231274859066 -0.02716315358446438 -0.18688714421477573
        vertex 0.08989299667947206 -0.007594112423733174 -0.2641492830939784
        vertex 0.15965982164982026 -0.03290735840638699 -0.23935775181298294
    endloop
endfacet
facet normal 0 0 0
    outer loop
        vertex 0.08989299667947206 -0.007594112423733174 -0.2641492830939784
        vertex 0.13975074266224918 -0.002544181959686788 -0.16139847271447244
        vertex 0.15965982164982026 -0.03290735840638699 -0.23935775181298294
    endloop
endfacet
facet normal 0 0 0
    outer loop
        vertex 0.08989299667947206 -0.007594112423733174 -0.2641492830939784
        vertex 0.059971231274859066 -0.02716315358446438 -0.18688714421477573
        vertex 0.13975074266224918 -0.002544181959686788 -0.16139847271447244
    endloop
endfacet
facet normal 0 0 0
    outer loop
        vertex 0.059971231274859066 -0.02716315358446438 -0.18688714421477573
        vertex 0.15965982164982026 -0.03290735840638699 -0.23935775181298294
        vertex 0.13975074266224918 -0.002544181959686788 -0.16139847271447244
    endloop
endfacet
facet normal 0 0 0
    outer loop
        vertex 0.08989299667947206 -0.007594112423733174 -0.2641492830939784
        vertex 0.16749116215528773 -0.009598143300944835 -0.23965724702815946
        vertex 0.15965982164982026 -0.03290735840638699 -0.23935775181298294
    endloop
endfacet
facet normal 0 0 0
    outer loop
        vertex 0.16749116215528773 -0.009598143300944835 -0.23965724702815946
        vertex 0.13975074266224918 -0.002544181959686788 -0.16139847271447244
        vertex 0.15965982164982026 -0.03290735840638699 -0.23935775181298294
    endloop
endfacet
facet normal 0 0 0
    outer loop
        vertex 0.16749116215528773 -0.009598143300944835 -0.23965724702815946
        vertex 0.08989299667947206 -0.007594112423733174 -0.2641492830939784
        vertex 0.13975074266224918 -0.002544181959686788 -0.16139847271447244
    endloop
endfacet
facet normal 0 0 0
    outer loop
        vertex 0.08989299667947206 -0.007594112423733174 -0.2641492830939784
        vertex 0.15965982164982026 -0.03290735840638699 -0.23935775181298294
        vertex 0.13975074266224918 -0.002544181959686788 -0.16139847271447244
    endloop
endfacet
facet normal 0 0 0
    outer loop
        vertex 0.059971231274859066 -0.02716315358446438 -0.18688714421477573
        vertex 0.13975074266224918 -0.002544181959686788 -0.16139847271447244
        vertex 0.06796969778997693 0.0007846536595452307 -0.18559358925756456
    endloop
endfacet
facet normal 0 0 0
    outer loop
        vertex 0.13975074266224918 -0.002544181959686788 -0.16139847271447244
        vertex 0.08989299667947206 -0.007594112423733174 -0.2641492830939784
        vertex 0.06796969778997693 0.0007846536595452307 -0.18559358925756456
    endloop
endfacet
facet normal 0 0 0
    outer loop
        vertex 0.13975074266224918 -0.002544181959686788 -0.16139847271447244
        vertex 0.059971231274859066 -0.02716315358446438 -0.18688714421477573
        vertex 0.08989299667947206 -0.007594112423733174 -0.2641492830939784
    endloop
endfacet
facet normal 0 0 0
    outer loop
        vertex 0.059971231274859066 -0.02716315358446438 -0.18688714421477573
        vertex 0.06796969778997693 0.0007846536595452307 -0.18559358925756456
        vertex 0.08989299667947206 -0.007594112423733174 -0.2641492830939784
    endloop
endfacet
facet normal 0 0 0
    outer loop
        vertex 0.08206022876098774 -0.03404411726851036 -0.2653221933484318
        vertex 0.11349355075726877 -0.015723406866582204 -0.34560108187487437
        vertex 0.10577215511923868 -0.04116924821424179 -0.34665300980230335
    endloop
endfacet
facet normal 0 0 0
    outer loop
        vertex 0.11349355075726877 -0.015723406866582204 -0.34560108187487437
        vertex 0.18587759262287495 -0.041210148875188125 -0.3209777657953857
        vertex 0.10577215511923868 -0.04116924821424179 -0.34665300980230335
    endloop
endfacet
facet normal 0 0 0
    outer loop
        vertex 0.11349355075726877 -0.015723406866582204 -0.34560108187487437
        vertex 0.08206022876098774 -0.03404411726851036 -0.2653221933484318
        vertex 0.18587759262287495 -0.041210148875188125 -0.3209777657953857
    endloop
endfacet
facet normal 0 0 0
    outer loop
        vertex 0.08206022876098774 -0.03404411726851036 -0.2653221933484318
        vertex 0.10577215511923868 -0.04116924821424179 -0.34665300980230335
        vertex 0.18587759262287495 -0.041210148875188125 -0.3209777657953857
    endloop
endfacet
facet normal 0 0 0
    outer loop
        vertex 0.08206022876098774 -0.03404411726851036 -0.2653221933484318
        vertex 0.15965982164982026 -0.03290735840638699 -0.23935775181298294
        vertex 0.16749116215528773 -0.009598143300944835 -0.23965724702815946
    endloop
endfacet
facet normal 0 0 0
    outer loop
        vertex 0.15965982164982026 -0.03290735840638699 -0.23935775181298294
        vertex 0.18587759262287495 -0.041210148875188125 -0.3209777657953857
        vertex 0.16749116215528773 -0.009598143300944835 -0.23965724702815946
    endloop
endfacet
facet normal 0 0 0
    outer loop
        vertex 0.15965982164982026 -0.03290735840638699 -0.23935775181298294
        vertex 0.08206022876098774 -0.03404411726851036 -0.2653221933484318
        vertex 0.18587759262287495 -0.041210148875188125 -0.3209777657953857
    endloop
endfacet
facet normal 0 0 0
    outer loop
        vertex 0.08206022876098774 -0.03404411726851036 -0.2653221933484318
        vertex 0.16749116215528773 -0.009598143300944835 -0.23965724702815946
        vertex 0.18587759262287495 -0.041210148875188125 -0.3209777657953857
    endloop
endfacet
facet normal 0 0 0
    outer loop
        vertex 0.08206022876098774 -0.03404411726851036 -0.2653221933484318
        vertex 0.11349355075726877 -0.015723406866582204 -0.34560108187487437
        vertex 0.18587759262287495 -0.041210148875188125 -0.3209777657953857
    endloop
endfacet
facet normal 0 0 0
    outer loop
        vertex 0.11349355075726877 -0.015723406866582204 -0.34560108187487437
        vertex 0.16749116215528773 -0.009598143300944835 -0.23965724702815946
        vertex 0.18587759262287495 -0.041210148875188125 -0.3209777657953857
    endloop
endfacet
facet normal 0 0 0
    outer loop
        vertex 0.11349355075726877 -0.015723406866582204 -0.34560108187487437
        vertex 0.08206022876098774 -0.03404411726851036 -0.2653221933484318
        vertex 0.16749116215528773 -0.009598143300944835 -0.23965724702815946
    endloop
endfacet
facet normal 0 0 0
    outer loop
        vertex 0.08206022876098774 -0.03404411726851036 -0.2653221933484318
        vertex 0.18587759262287495 -0.041210148875188125 -0.3209777657953857
        vertex 0.16749116215528773 -0.009598143300944835 -0.23965724702815946
    endloop
endfacet
facet normal 0 0 0
    outer loop
        vertex 0.11349355075726877 -0.015723406866582204 -0.34560108187487437
        vertex 0.19360426678799905 -0.01690869425273714 -0.3208040984945942
        vertex 0.18587759262287495 -0.041210148875188125 -0.3209777657953857
    endloop
endfacet
facet normal 0 0 0
    outer loop
        vertex 0.19360426678799905 -0.01690869425273714 -0.3208040984945942
        vertex 0.16749116215528773 -0.009598143300944835 -0.23965724702815946
        vertex 0.18587759262287495 -0.041210148875188125 -0.3209777657953857
    endloop
endfacet
facet normal 0 0 0
    outer loop
        vertex 0.19360426678799905 -0.01690869425273714 -0.3208040984945942
        vertex 0.11349355075726877 -0.015723406866582204 -0.34560108187487437
        vertex 0.16749116215528773 -0.009598143300944835 -0.23965724702815946
    endloop
endfacet
facet normal 0 0 0
    outer loop
        vertex 0.11349355075726877 -0.015723406866582204 -0.34560108187487437
        vertex 0.18587759262287495 -0.041210148875188125 -0.3209777657953857
        vertex 0.16749116215528773 -0.009598143300944835 -0.23965724702815946
    endloop
endfacet
facet normal 0 0 0
    outer loop
        vertex 0.08206022876098774 -0.03404411726851036 -0.2653221933484318
        vertex 0.16749116215528773 -0.009598143300944835 -0.23965724702815946
        vertex 0.08989299667947206 -0.007594112423733174 -0.2641492830939784
    endloop
endfacet
facet normal 0 0 0
    outer loop
        vertex 0.16749116215528773 -0.009598143300944835 -0.23965724702815946
        vertex 0.11349355075726877 -0.015723406866582204 -0.34560108187487437
        vertex 0.08989299667947206 -0.007594112423733174 -0.2641492830939784
    endloop
endfacet
facet normal 0 0 0
    outer loop
        vertex 0.16749116215528773 -0.009598143300944835 -0.23965724702815946
        vertex 0.08206022876098774 -0.03404411726851036 -0.2653221933484318
        vertex 0.11349355075726877 -0.015723406866582204 -0.34560108187487437
    endloop
endfacet
facet normal 0 0 0
    outer loop
        vertex 0.08206022876098774 -0.03404411726851036 -0.2653221933484318
        vertex 0.08989299667947206 -0.007594112423733174 -0.2641492830939784
        vertex 0.11349355075726877 -0.015723406866582204 -0.34560108187487437
    endloop
endfacet
facet normal 0 0 0
    outer loop
        vertex 0.10577215511923868 -0.04116924821424179 -0.34665300980230335
        vertex 0.1381008756837097 -0.023671177069034002 -0.4273142613913107
        vertex 0.13026595238748806 -0.048479359392957624 -0.4285438561454763
    endloop
endfacet
facet normal 0 0 0
    outer loop
        vertex 0.1381008756837097 -0.023671177069034002 -0.4273142613913107
        vertex 0.21108462914883688 -0.0492655619031595 -0.4027941635030839
        vertex 0.13026595238748806 -0.048479359392957624 -0.4285438561454763
    endloop
endfacet
facet normal 0 0 0
    outer loop
        vertex 0.1381008756837097 -0.023671177069034002 -0.4273142613913107
        vertex 0.10577215511923868 -0.04116924821424179 -0.34665300980230335
        vertex 0.21108462914883688 -0.0492655619031595 -0.4027941635030839
    endloop
endfacet
facet normal 0 0 0
    outer loop
        vertex 0.10577215511923868 -0.04116924821424179 -0.34665300980230335
        vertex 0.13026595238748806 -0.048479359392957624 -0.4285438561454763
        vertex 0.21108462914883688 -0.0492655619031595 -0.4027941635030839
    endloop
endfacet
facet normal 0 0 0
    outer loop
        vertex 0.10577215511923868 -0.04116924821424179 -0.34665300980230335
        vertex 0.18587759262287495 -0.041210148875188125 -0.3209777657953857
        vertex 0.19360426678799905 -0.01690869425273714 -0.3208040984945942
    endloop
endfacet
facet normal 0 0 0
    outer loop
        vertex 0.18587759262287495 -0.041210148875188125 -0.3209777657953857
        vertex 0.21108462914883688 -0.0492655619031595 -0.4027941635030839
        vertex 0.19360426678799905 -0.01690869425273714 -0.3208040984945942
    endloop
endfacet
facet normal 0 0 0
    outer loop
        vertex 0.18587759262287495 -0.041210148875188125 -0.3209777657953857
        vertex 0.10577215511923868 -0.04116924821424179 -0.34665300980230335
        vertex 0.21108462914883688 -0.0492655619031595 -0.4027941635030839
    endloop
endfacet
facet normal 0 0 0
    outer loop
        vertex 0.10577215511923868 -0.04116924821424179 -0.34665300980230335
        vertex 0.19360426678799905 -0.01690869425273714 -0.3208040984945942
        vertex 0.21108462914883688 -0.0492655619031595 -0.4027941635030839
    endloop
endfacet
facet normal 0 0 0
    outer loop
        vertex 0.10577215511923868 -0.04116924821424179 -0.34665300980230335
        vertex 0.1381008756837097 -0.023671177069034002 -0.4273142613913107
        vertex 0.21108462914883688 -0.0492655619031595 -0.4027941635030839
    endloop
endfacet
facet normal 0 0 0
    outer loop
        vertex 0.1381008756837097 -0.023671177069034002 -0.4273142613913107
        vertex 0.19360426678799905 -0.01690869425273714 -0.3208040984945942
        vertex 0.21108462914883688 -0.0492655619031595 -0.4027941635030839
    endloop
endfacet
facet normal 0 0 0
    outer loop
        vertex 0.1381008756837097 -0.023671177069034002 -0.4273142613913107
        vertex 0.10577215511923868 -0.04116924821424179 -0.34665300980230335
        vertex 0.19360426678799905 -0.01690869425273714 -0.3208040984945942
    endloop
endfacet
facet normal 0 0 0
    outer loop
        vertex 0.10577215511923868 -0.04116924821424179 -0.34665300980230335
        vertex 0.21108462914883688 -0.0492655619031595 -0.4027941635030839
        vertex 0.19360426678799905 -0.01690869425273714 -0.3208040984945942
    endloop
endfacet
facet normal 0 0 0
    outer loop
        vertex 0.1381008756837097 -0.023671177069034002 -0.4273142613913107
        vertex 0.218691967674669 -0.024475291214790522 -0.4021341432002476
        vertex 0.21108462914883688 -0.0492655619031595 -0.4027941635030839
    endloop
endfacet
facet normal 0 0 0
    outer loop
        vertex 0.218691967674669 -0.024475291214790522 -0.4021341432002476
        vertex 0.19360426678799905 -0.01690869425273714 -0.3208040984945942
        vertex 0.21108462914883688 -0.0492655619031595 -0.4027941635030839
    endloop
endfacet
facet normal 0 0 0
    outer loop
        vertex 0.218691967674669 -0.024475291214790522 -0.4021341432002476
        vertex 0.1381008756837097 -0.023671177069034002 -0.4273142613913107
        vertex 0.19360426678799905 -0.01690869425273714 -0.3208040984945942
    endloop
endfacet
facet normal 0 0 0
    outer loop
        vertex 0.1381008756837097 -0.023671177069034002 -0.4273142613913107
        vertex 0.21108462914883688 -0.0492655619031595 -0.4027941635030839
        vertex 0.19360426678799905 -0.01690869425273714 -0.3208040984945942
    endloop
endfacet
facet normal 0 0 0
    outer loop
        vertex 0.10577215511923868 -0.04116924821424179 -0.34665300980230335
        vertex 0.19360426678799905 -0.01690869425273714 -0.3208040984945942
        vertex 0.11349355075726877 -0.015723406866582204 -0.34560108187487437
    endloop
endfacet
facet normal 0 0 0
    outer loop
        vertex 0.19360426678799905 -0.01690869425273714 -0.3208040984945942
        vertex 0.1381008756837097 -0.023671177069034002 -0.4273142613913107
        vertex 0.11349355075726877 -0.015723406866582204 -0.34560108187487437
    endloop
endfacet
facet normal 0 0 0
    outer loop
        vertex 0.19360426678799905 -0.01690869425273714 -0.3208040984945942
        vertex 0.10577215511923868 -0.04116924821424179 -0.34665300980230335
        vertex 0.1381008756837097 -0.023671177069034002 -0.4273142613913107
    endloop
endfacet
facet normal 0 0 0
    outer loop
        vertex 0.10577215511923868 -0.04116924821424179 -0.34665300980230335
        vertex 0.11349355075726877 -0.015723406866582204 -0.34560108187487437
        vertex 0.1381008756837097 -0.023671177069034002 -0.4273142613913107
    endloop
endfacet
endsolid