solid tet_mesh
facet normal 0 0 0
    outer loop
        vertex 0.0 0.0 0.0
        vertex 0.02233040207551495 0.027610223076799268 -0.007242807057221758
        vertex 0.016788797037716054 -0.0001456179353822633 -0.011884542802050311
    endloop
endfacet
facet normal 0 0 0
    outer loop
        vertex 0.02233040207551495 0.027610223076799268 -0.007242807057221758
        vertex 0.028365336127941534 -0.0005002833840998375 0.011085405289022235
        vertex 0.016788797037716054 -0.0001456179353822633 -0.011884542802050311
    endloop
endfacet
facet normal 0 0 0
    outer loop
        vertex 0.02233040207551495 0.027610223076799268 -0.007242807057221758
        vertex 0.0 0.0 0.0
        vertex 0.028365336127941534 -0.0005002833840998375 0.011085405289022235
    endloop
endfacet
facet normal 0 0 0
    outer loop
        vertex 0.0 0.0 0.0
        vertex 0.016788797037716054 -0.0001456179353822633 -0.011884542802050311
        vertex 0.028365336127941534 -0.0005002833840998375 0.011085405289022235
    endloop
endfacet
facet normal 0 0 0
    outer loop
        vertex 0.0 0.0 0.0
        vertex 0.0 0.0 0.025
        vertex 0.0 0.025 0.025
    endloop
endfacet
facet normal 0 0 0
    outer loop
        vertex 0.0 0.0 0.025
        vertex 0.028365336127941534 -0.0005002833840998375 0.011085405289022235
        vertex 0.0 0.025 0.025
    endloop
endfacet
facet normal 0 0 0
    outer loop
        vertex 0.0 0.0 0.025
        vertex 0.0 0.0 0.0
        vertex 0.028365336127941534 -0.0005002833840998375 0.011085405289022235
    endloop
endfacet
facet normal 0 0 0
    outer loop
        vertex 0.0 0.0 0.0
        vertex 0.0 0.025 0.025
        vertex 0.028365336127941534 -0.0005002833840998375 0.011085405289022235
    endloop
endfacet
facet normal 0 0 0
    outer loop
        vertex 0.0 0.0 0.0
        vertex 0.02233040207551495 0.027610223076799268 -0.007242807057221758
        vertex 0.028365336127941534 -0.0005002833840998375 0.011085405289022235
    endloop
endfacet
facet normal 0 0 0
    outer loop
        vertex 0.02233040207551495 0.027610223076799268 -0.007242807057221758
        vertex 0.0 0.025 0.025
        vertex 0.028365336127941534 -0.0005002833840998375 0.011085405289022235
    endloop
endfacet
facet normal 0 0 0
    outer loop
        vertex 0.02233040207551495 0.027610223076799268 -0.007242807057221758
        vertex 0.0 0.0 0.0
        vertex 0.0 0.025 0.025
    endloop
endfacet
facet normal 0 0 0
    outer loop
        vertex 0.0 0.0 0.0
        vertex 0.028365336127941534 -0.0005002833840998375 0.011085405289022235
        vertex 0.0 0.025 0.025
    endloop
endfacet
facet normal 0 0 0
    outer loop
        vertex 0.02233040207551495 0.027610223076799268 -0.007242807057221758
        vertex 0.03401585105726845 0.019769078049355668 0.010102757373715566
        vertex 0.028365336127941534 -0.0005002833840998375 0.011085405289022235
    endloop
endfacet
facet normal 0 0 0
    outer loop
        vertex 0.03401585105726845 0.019769078049355668 0.010102757373715566
        vertex 0.0 0.025 0.025
        vertex 0.028365336127941534 -0.0005002833840998375 0.011085405289022235
    endloop
endfacet
facet normal 0 0 0
    outer loop
        vertex 0.03401585105726845 0.019769078049355668 0.010102757373715566
        vertex 0.02233040207551495 0.027610223076799268 -0.007242807057221758
        vertex 0.0 0.025 0.025
    endloop
endfacet
facet normal 0 0 0
    outer loop
        vertex 0.02233040207551495 0.027610223076799268 -0.007242807057221758
        vertex 0.028365336127941534 -0.0005002833840998375 0.011085405289022235
        vertex 0.0 0.025 0.025
    endloop
endfacet
facet normal 0 0 0
    outer loop
        vertex 0.0 0.0 0.0
        vertex 0.0 0.025 0.025
        vertex 0.0 0.025 0.0
    endloop
endfacet
facet normal 0 0 0
    outer loop
        vertex 0.0 0.025 0.025
        vertex 0.02233040207551495 0.027610223076799268 -0.007242807057221758
        vertex 0.0 0.025 0.0
    endloop
endfacet
facet normal 0 0 0
    outer loop
        vertex 0.0 0.025 0.025
        vertex 0.0 0.0 0.0
        vertex 0.02233040207551495 0.027610223076799268 -0.007242807057221758
    endloop
endfacet
facet normal 0 0 0
    outer loop
        vertex 0.0 0.0 0.0
        vertex 0.0 0.025 0.0
        vertex 0.02233040207551495 0.027610223076799268 -0.007242807057221758
    endloop
endfacet
facet normal 0 0 0
    outer loop
        vertex 0.016788797037716054 -0.0001456179353822633 -0.011884542802050311
        vertex 0.036848937299405304 0.024975914412389645 -0.02743547640254701
        vertex 0.030290254290191134 -0.000596457982407949 -0.030423450045177394
    endloop
endfacet
facet normal 0 0 0
    outer loop
        vertex 0.036848937299405304 0.024975914412389645 -0.02743547640254701
        vertex 0.0495392467471536 -0.004037040097936914 -0.0143189544239836
        vertex 0.030290254290191134 -0.000596457982407949 -0.030423450045177394
    endloop
endfacet
facet normal 0 0 0
    outer loop
        vertex 0.036848937299405304 0.024975914412389645 -0.02743547640254701
        vertex 0.016788797037716054 -0.0001456179353822633 -0.011884542802050311
        vertex 0.0495392467471536 -0.004037040097936914 -0.0143189544239836
    endloop
endfacet
facet normal 0 0 0
    outer loop
        vertex 0.016788797037716054 -0.0001456179353822633 -0.011884542802050311
        vertex 0.030290254290191134 -0.000596457982407949 -0.030423450045177394
        vertex 0.0495392467471536 -0.004037040097936914 -0.0143189544239836
    endloop
endfacet
facet normal 0 0 0
    outer loop
        vertex 0.016788797037716054 -0.0001456179353822633 -0.011884542802050311
        vertex 0.028365336127941534 -0.0005002833840998375 0.011085405289022235
        vertex 0.03401585105726845 0.019769078049355668 0.010102757373715566
    endloop
endfacet
facet normal 0 0 0
    outer loop
        vertex 0.028365336127941534 -0.0005002833840998375 0.011085405289022235
        vertex 0.0495392467471536 -0.004037040097936914 -0.0143189544239836
        vertex 0.03401585105726845 0.019769078049355668 0.010102757373715566
    endloop
endfacet
facet normal 0 0 0
    outer loop
        vertex 0.028365336127941534 -0.0005002833840998375 0.011085405289022235
        vertex 0.016788797037716054 -0.0001456179353822633 -0.011884542802050311
        vertex 0.0495392467471536 -0.004037040097936914 -0.0143189544239836
    endloop
endfacet
facet normal 0 0 0
    outer loop
        vertex 0.016788797037716054 -0.0001456179353822633 -0.011884542802050311
        vertex 0.03401585105726845 0.019769078049355668 0.010102757373715566
        vertex 0.0495392467471536 -0.004037040097936914 -0.0143189544239836
    endloop
endfacet
facet normal 0 0 0
    outer loop
        vertex 0.016788797037716054 -0.0001456179353822633 -0.011884542802050311
        vertex 0.036848937299405304 0.024975914412389645 -0.02743547640254701
        vertex 0.0495392467471536 -0.004037040097936914 -0.0143189544239836
    endloop
endfacet
facet normal 0 0 0
    outer loop
        vertex 0.036848937299405304 0.024975914412389645 -0.02743547640254701
        vertex 0.03401585105726845 0.019769078049355668 0.010102757373715566
        vertex 0.0495392467471536 -0.004037040097936914 -0.0143189544239836
    endloop
endfacet
facet normal 0 0 0
    outer loop
        vertex 0.036848937299405304 0.024975914412389645 -0.02743547640254701
        vertex 0.016788797037716054 -0.0001456179353822633 -0.011884542802050311
        vertex 0.03401585105726845 0.019769078049355668 0.010102757373715566
    endloop
endfacet
facet normal 0 0 0
    outer loop
        vertex 0.016788797037716054 -0.0001456179353822633 -0.011884542802050311
        vertex 0.0495392467471536 -0.004037040097936914 -0.0143189544239836
        vertex 0.03401585105726845 0.019769078049355668 0.010102757373715566
    endloop
endfacet
facet normal 0 0 0
    outer loop
        vertex 0.036848937299405304 0.024975914412389645 -0.02743547640254701
        vertex 0.05451883348457233 0.01767132230199958 -0.014565807998706333
        vertex 0.0495392467471536 -0.004037040097936914 -0.0143189544239836
    endloop
endfacet
facet normal 0 0 0
    outer loop
        vertex 0.05451883348457233 0.01767132230199958 -0.014565807998706333
        vertex 0.03401585105726845 0.019769078049355668 0.010102757373715566
        vertex 0.0495392467471536 -0.004037040097936914 -0.0143189544239836
    endloop
endfacet
facet normal 0 0 0
    outer loop
        vertex 0.05451883348457233 0.01767132230199958 -0.014565807998706333
        vertex 0.036848937299405304 0.024975914412389645 -0.02743547640254701
        vertex 0.03401585105726845 0.019769078049355668 0.010102757373715566
    endloop
endfacet
facet normal 0 0 0
    outer loop
        vertex 0.036848937299405304 0.024975914412389645 -0.02743547640254701
        vertex 0.0495392467471536 -0.004037040097936914 -0.0143189544239836
        vertex 0.03401585105726845 0.019769078049355668 0.010102757373715566
    endloop
endfacet
facet normal 0 0 0
    outer loop
        vertex 0.016788797037716054 -0.0001456179353822633 -0.011884542802050311
        vertex 0.03401585105726845 0.019769078049355668 0.010102757373715566
        vertex 0.02233040207551495 0.027610223076799268 -0.007242807057221758
    endloop
endfacet
facet normal 0 0 0
    outer loop
        vertex 0.03401585105726845 0.019769078049355668 0.010102757373715566
        vertex 0.036848937299405304 0.024975914412389645 -0.02743547640254701
        vertex 0.02233040207551495 0.027610223076799268 -0.007242807057221758
    endloop
endfacet
facet normal 0 0 0
    outer loop
        vertex 0.03401585105726845 0.019769078049355668 0.010102757373715566
        vertex 0.016788797037716054 -0.0001456179353822633 -0.011884542802050311
        vertex 0.036848937299405304 0.024975914412389645 -0.02743547640254701
    endloop
endfacet
facet normal 0 0 0
    outer loop
        vertex 0.016788797037716054 -0.0001456179353822633 -0.011884542802050311
        vertex 0.02233040207551495 0.027610223076799268 -0.007242807057221758
        vertex 0.036848937299405304 0.024975914412389645 -0.02743547640254701
    endloop
endfacet
facet normal 0 0 0
    outer loop
        vertex 0.030290254290191134 -0.000596457982407949 -0.030423450045177394
        vertex 0.04714015036984605 0.02294343093423538 -0.05107535597300821
        vertex 0.04074567789199874 -0.0014814977873852545 -0.05292276060542735
    endloop
endfacet
facet normal 0 0 0
    outer loop
        vertex 0.04714015036984605 0.02294343093423538 -0.05107535597300821
        vertex 0.062165634819387736 -0.006315222528560801 -0.040904065281744624
        vertex 0.04074567789199874 -0.0014814977873852545 -0.05292276060542735
    endloop
endfacet
facet normal 0 0 0
    outer loop
        vertex 0.04714015036984605 0.02294343093423538 -0.05107535597300821
        vertex 0.030290254290191134 -0.000596457982407949 -0.030423450045177394
        vertex 0.062165634819387736 -0.006315222528560801 -0.040904065281744624
    endloop
endfacet
facet normal 0 0 0
    outer loop
        vertex 0.030290254290191134 -0.000596457982407949 -0.030423450045177394
        vertex 0.04074567789199874 -0.0014814977873852545 -0.05292276060542735
        vertex 0.062165634819387736 -0.006315222528560801 -0.040904065281744624
    endloop
endfacet
facet normal 0 0 0
    outer loop
        vertex 0.030290254290191134 -0.000596457982407949 -0.030423450045177394
        vertex 0.0495392467471536 -0.004037040097936914 -0.0143189544239836
        vertex 0.05451883348457233 0.01767132230199958 -0.014565807998706333
    endloop
endfacet
facet normal 0 0 0
    outer loop
        vertex 0.0495392467471536 -0.004037040097936914 -0.0143189544239836
        vertex 0.062165634819387736 -0.006315222528560801 -0.040904065281744624
        vertex 0.05451883348457233 0.01767132230199958 -0.014565807998706333
    endloop
endfacet
facet normal 0 0 0
    outer loop
        vertex 0.0495392467471536 -0.004037040097936914 -0.0143189544239836
        vertex 0.030290254290191134 -0.000596457982407949 -0.030423450045177394
        vertex 0.062165634819387736 -0.006315222528560801 -0.040904065281744624
    endloop
endfacet
facet normal 0 0 0
    outer loop
        vertex 0.030290254290191134 -0.000596457982407949 -0.030423450045177394
        vertex 0.05451883348457233 0.01767132230199958 -0.014565807998706333
        vertex 0.062165634819387736 -0.006315222528560801 -0.040904065281744624
    endloop
endfacet
facet normal 0 0 0
    outer loop
        vertex 0.030290254290191134 -0.000596457982407949 -0.030423450045177394
        vertex 0.04714015036984605 0.02294343093423538 -0.05107535597300821
        vertex 0.062165634819387736 -0.006315222528560801 -0.040904065281744624
    endloop
endfacet
facet normal 0 0 0
    outer loop
        vertex 0.04714015036984605 0.02294343093423538 -0.05107535597300821
        vertex 0.05451883348457233 0.01767132230199958 -0.014565807998706333
        vertex 0.062165634819387736 -0.006315222528560801 -0.040904065281744624
    endloop
endfacet
facet normal 0 0 0
    outer loop
        vertex 0.04714015036984605 0.02294343093423538 -0.05107535597300821
        vertex 0.030290254290191134 -0.000596457982407949 -0.030423450045177394
        vertex 0.05451883348457233 0.01767132230199958 -0.014565807998706333
    endloop
endfacet
facet normal 0 0 0
    outer loop
        vertex 0.030290254290191134 -0.000596457982407949 -0.030423450045177394
        vertex 0.062165634819387736 -0.006315222528560801 -0.040904065281744624
        vertex 0.05451883348457233 0.01767132230199958 -0.014565807998706333
    endloop
endfacet
facet normal 0 0 0
    outer loop
        vertex 0.04714015036984605 0.02294343093423538 -0.05107535597300821
        vertex 0.06744742030977335 0.016344561684544987 -0.04078134942836129
        vertex 0.062165634819387736 -0.006315222528560801 -0.040904065281744624
    endloop
endfacet
facet normal 0 0 0
    outer loop
        vertex 0.06744742030977335 0.016344561684544987 -0.04078134942836129
        vertex 0.05451883348457233 0.01767132230199958 -0.014565807998706333
        vertex 0.062165634819387736 -0.006315222528560801 -0.040904065281744624
    endloop
endfacet
facet normal 0 0 0
    outer loop
        vertex 0.06744742030977335 0.016344561684544987 -0.04078134942836129
        vertex 0.04714015036984605 0.02294343093423538 -0.05107535597300821
        vertex 0.05451883348457233 0.01767132230199958 -0.014565807998706333
    endloop
endfacet
facet normal 0 0 0
    outer loop
        vertex 0.04714015036984605 0.02294343093423538 -0.05107535597300821
        vertex 0.062165634819387736 -0.006315222528560801 -0.040904065281744624
        vertex 0.05451883348457233 0.01767132230199958 -0.014565807998706333
    endloop
endfacet
facet normal 0 0 0
    outer loop
        vertex 0.030290254290191134 -0.000596457982407949 -0.030423450045177394
        vertex 0.05451883348457233 0.01767132230199958 -0.014565807998706333
        vertex 0.036848937299405304 0.024975914412389645 -0.02743547640254701
    endloop
endfacet
facet normal 0 0 0
    outer loop
        vertex 0.05451883348457233 0.01767132230199958 -0.014565807998706333
        vertex 0.04714015036984605 0.02294343093423538 -0.05107535597300821
        vertex 0.036848937299405304 0.024975914412389645 -0.02743547640254701
    endloop
endfacet
facet normal 0 0 0
    outer loop
        vertex 0.05451883348457233 0.01767132230199958 -0.014565807998706333
        vertex 0.030290254290191134 -0.000596457982407949 -0.030423450045177394
        vertex 0.04714015036984605 0.02294343093423538 -0.05107535597300821
    endloop
endfacet
facet normal 0 0 0
    outer loop
        vertex 0.030290254290191134 -0.000596457982407949 -0.030423450045177394
        vertex 0.036848937299405304 0.024975914412389645 -0.02743547640254701
        vertex 0.04714015036984605 0.02294343093423538 -0.05107535597300821
    endloop
endfacet
facet normal 0 0 0
    outer loop
        vertex 0.04074567789199874 -0.0014814977873852545 -0.05292276060542735
        vertex 0.05603167662316232 0.021264580681240663 -0.07562191256105019
        vertex 0.049827957182802585 -0.002701512295246563 -0.0768973849135663
    endloop
endfacet
facet normal 0 0 0
    outer loop
        vertex 0.05603167662316232 0.021264580681240663 -0.07562191256105019
        vertex 0.07182461382237959 -0.008228061068280425 -0.06667428074983767
        vertex 0.049827957182802585 -0.002701512295246563 -0.0768973849135663
    endloop
endfacet
facet normal 0 0 0
    outer loop
        vertex 0.05603167662316232 0.021264580681240663 -0.07562191256105019
        vertex 0.04074567789199874 -0.0014814977873852545 -0.05292276060542735
        vertex 0.07182461382237959 -0.008228061068280425 -0.06667428074983767
    endloop
endfacet
facet normal 0 0 0
    outer loop
        vertex 0.04074567789199874 -0.0014814977873852545 -0.05292276060542735
        vertex 0.049827957182802585 -0.002701512295246563 -0.0768973849135663
        vertex 0.07182461382237959 -0.008228061068280425 -0.06667428074983767
    endloop
endfacet
facet normal 0 0 0
    outer loop
        vertex 0.04074567789199874 -0.0014814977873852545 -0.05292276060542735
        vertex 0.062165634819387736 -0.006315222528560801 -0.040904065281744624
        vertex 0.06744742030977335 0.016344561684544987 -0.04078134942836129
    endloop
endfacet
facet normal 0 0 0
    outer loop
        vertex 0.062165634819387736 -0.006315222528560801 -0.040904065281744624
        vertex 0.07182461382237959 -0.008228061068280425 -0.06667428074983767
        vertex 0.06744742030977335 0.016344561684544987 -0.04078134942836129
    endloop
endfacet
facet normal 0 0 0
    outer loop
        vertex 0.062165634819387736 -0.006315222528560801 -0.040904065281744624
        vertex 0.04074567789199874 -0.0014814977873852545 -0.05292276060542735
        vertex 0.07182461382237959 -0.008228061068280425 -0.06667428074983767
    endloop
endfacet
facet normal 0 0 0
    outer loop
        vertex 0.04074567789199874 -0.0014814977873852545 -0.05292276060542735
        vertex 0.06744742030977335 0.016344561684544987 -0.04078134942836129
        vertex 0.07182461382237959 -0.008228061068280425 -0.06667428074983767
    endloop
endfacet
facet normal 0 0 0
    outer loop
        vertex 0.04074567789199874 -0.0014814977873852545 -0.05292276060542735
        vertex 0.05603167662316232 0.021264580681240663 -0.07562191256105019
        vertex 0.07182461382237959 -0.008228061068280425 -0.06667428074983767
    endloop
endfacet
facet normal 0 0 0
    outer loop
        vertex 0.05603167662316232 0.021264580681240663 -0.07562191256105019
        vertex 0.06744742030977335 0.016344561684544987 -0.04078134942836129
        vertex 0.07182461382237959 -0.008228061068280425 -0.06667428074983767
    endloop
endfacet
facet normal 0 0 0
    outer loop
        vertex 0.05603167662316232 0.021264580681240663 -0.07562191256105019
        vertex 0.04074567789199874 -0.0014814977873852545 -0.05292276060542735
        vertex 0.06744742030977335 0.016344561684544987 -0.04078134942836129
    endloop
endfacet
facet normal 0 0 0
    outer loop
        vertex 0.04074567789199874 -0.0014814977873852545 -0.05292276060542735
        vertex 0.07182461382237959 -0.008228061068280425 -0.06667428074983767
        vertex 0.06744742030977335 0.016344561684544987 -0.04078134942836129
    endloop
endfacet
facet normal 0 0 0
    outer loop
        vertex 0.05603167662316232 0.021264580681240663 -0.07562191256105019
        vertex 0.07746160139968385 0.015111922706320407 -0.06640593667186367
        vertex 0.07182461382237959 -0.008228061068280425 -0.06667428074983767
    endloop
endfacet
facet normal 0 0 0
    outer loop
        vertex 0.07746160139968385 0.015111922706320407 -0.06640593667186367
        vertex 0.06744742030977335 0.016344561684544987 -0.04078134942836129
        vertex 0.07182461382237959 -0.008228061068280425 -0.06667428074983767
    endloop
endfacet
facet normal 0 0 0
    outer loop
        vertex 0.07746160139968385 0.015111922706320407 -0.06640593667186367
        vertex 0.05603167662316232 0.021264580681240663 -0.07562191256105019
        vertex 0.06744742030977335 0.016344561684544987 -0.04078134942836129
    endloop
endfacet
facet normal 0 0 0
    outer loop
        vertex 0.05603167662316232 0.021264580681240663 -0.07562191256105019
        vertex 0.07182461382237959 -0.008228061068280425 -0.06667428074983767
        vertex 0.06744742030977335 0.016344561684544987 -0.04078134942836129
    endloop
endfacet
facet normal 0 0 0
    outer loop
        vertex 0.04074567789199874 -0.0014814977873852545 -0.05292276060542735
        vertex 0.06744742030977335 0.016344561684544987 -0.04078134942836129
        vertex 0.04714015036984605 0.02294343093423538 -0.05107535597300821
    endloop
endfacet
facet normal 0 0 0
    outer loop
        vertex 0.06744742030977335 0.016344561684544987 -0.04078134942836129
        vertex 0.05603167662316232 0.021264580681240663 -0.07562191256105019
        vertex 0.04714015036984605 0.02294343093423538 -0.05107535597300821
    endloop
endfacet
facet normal 0 0 0
    outer loop
        vertex 0.06744742030977335 0.016344561684544987 -0.04078134942836129
        vertex 0.04074567789199874 -0.0014814977873852545 -0.05292276060542735
        vertex 0.05603167662316232 0.021264580681240663 -0.07562191256105019
    endloop
endfacet
facet normal 0 0 0
    outer loop
        vertex 0.04074567789199874 -0.0014814977873852545 -0.05292276060542735
        vertex 0.04714015036984605 0.02294343093423538 -0.05107535597300821
        vertex 0.05603167662316232 0.021264580681240663 -0.07562191256105019
    endloop
endfacet
facet normal 0 0 0
    outer loop
        vertex 0.049827957182802585 -0.002701512295246563 -0.0768973849135663
        vertex 0.06461379711878637 0.019646804636446275 -0.10032208968281987
        vertex 0.058549187369237754 -0.004151985032415554 -0.10130747200664475
    endloop
endfacet
facet normal 0 0 0
    outer loop
        vertex 0.06461379711878637 0.019646804636446275 -0.10032208968281987
        vertex 0.08063648783769714 -0.010031355513579839 -0.09156016008221382
        vertex 0.058549187369237754 -0.004151985032415554 -0.10130747200664475
    endloop
endfacet
facet normal 0 0 0
    outer loop
        vertex 0.06461379711878637 0.019646804636446275 -0.10032208968281987
        vertex 0.049827957182802585 -0.002701512295246563 -0.0768973849135663
        vertex 0.08063648783769714 -0.010031355513579839 -0.09156016008221382
    endloop
endfacet
facet normal 0 0 0
    outer loop
        vertex 0.049827957182802585 -0.002701512295246563 -0.0768973849135663
        vertex 0.058549187369237754 -0.004151985032415554 -0.10130747200664475
        vertex 0.08063648783769714 -0.010031355513579839 -0.09156016008221382
    endloop
endfacet
facet normal 0 0 0
    outer loop
        vertex 0.049827957182802585 -0.002701512295246563 -0.0768973849135663
        vertex 0.07182461382237959 -0.008228061068280425 -0.06667428074983767
        vertex 0.07746160139968385 0.015111922706320407 -0.06640593667186367
    endloop
endfacet
facet normal 0 0 0
    outer loop
        vertex 0.07182461382237959 -0.008228061068280425 -0.06667428074983767
        vertex 0.08063648783769714 -0.010031355513579839 -0.09156016008221382
        vertex 0.07746160139968385 0.015111922706320407 -0.06640593667186367
    endloop
endfacet
facet normal 0 0 0
    outer loop
        vertex 0.07182461382237959 -0.008228061068280425 -0.06667428074983767
        vertex 0.049827957182802585 -0.002701512295246563 -0.0768973849135663
        vertex 0.08063648783769714 -0.010031355513579839 -0.09156016008221382
    endloop
endfacet
facet normal 0 0 0
    outer loop
        vertex 0.049827957182802585 -0.002701512295246563 -0.0768973849135663
        vertex 0.07746160139968385 0.015111922706320407 -0.06640593667186367
        vertex 0.08063648783769714 -0.010031355513579839 -0.09156016008221382
    endloop
endfacet
facet normal 0 0 0
    outer loop
        vertex 0.049827957182802585 -0.002701512295246563 -0.0768973849135663
        vertex 0.06461379711878637 0.019646804636446275 -0.10032208968281987
        vertex 0.08063648783769714 -0.010031355513579839 -0.09156016008221382
    endloop
endfacet
facet normal 0 0 0
    outer loop
        vertex 0.06461379711878637 0.019646804636446275 -0.10032208968281987
        vertex 0.07746160139968385 0.015111922706320407 -0.06640593667186367
        vertex 0.08063648783769714 -0.010031355513579839 -0.09156016008221382
    endloop
endfacet
facet normal 0 0 0
    outer loop
        vertex 0.06461379711878637 0.019646804636446275 -0.10032208968281987
        vertex 0.049827957182802585 -0.002701512295246563 -0.0768973849135663
        vertex 0.07746160139968385 0.015111922706320407 -0.06640593667186367
    endloop
endfacet
facet normal 0 0 0
    outer loop
        vertex 0.049827957182802585 -0.002701512295246563 -0.0768973849135663
        vertex 0.08063648783769714 -0.010031355513579839 -0.09156016008221382
        vertex 0.07746160139968385 0.015111922706320407 -0.06640593667186367
    endloop
endfacet
facet normal 0 0 0
    outer loop
        vertex 0.06461379711878637 0.019646804636446275 -0.10032208968281987
        vertex 0.0865200074279017 0.013755721388092482 -0.09117412897273536
        vertex 0.08063648783769714 -0.010031355513579839 -0.09156016008221382
    endloop
endfacet
facet normal 0 0 0
    outer loop
        vertex 0.0865200074279017 0.013755721388092482 -0.09117412897273536
        vertex 0.07746160139968385 0.015111922706320407 -0.06640593667186367
        vertex 0.08063648783769714 -0.010031355513579839 -0.09156016008221382
    endloop
endfacet
facet normal 0 0 0
    outer loop
        vertex 0.0865200074279017 0.013755721388092482 -0.09117412897273536
        vertex 0.06461379711878637 0.019646804636446275 -0.10032208968281987
        vertex 0.07746160139968385 0.015111922706320407 -0.06640593667186367
    endloop
endfacet
facet normal 0 0 0
    outer loop
        vertex 0.06461379711878637 0.019646804636446275 -0.10032208968281987
        vertex 0.08063648783769714 -0.010031355513579839 -0.09156016008221382
        vertex 0.07746160139968385 0.015111922706320407 -0.06640593667186367
    endloop
endfacet
facet normal 0 0 0
    outer loop
        vertex 0.049827957182802585 -0.002701512295246563 -0.0768973849135663
        vertex 0.07746160139968385 0.015111922706320407 -0.06640593667186367
        vertex 0.05603167662316232 0.021264580681240663 -0.07562191256105019
    endloop
endfacet
facet normal 0 0 0
    outer loop
        vertex 0.07746160139968385 0.015111922706320407 -0.06640593667186367
        vertex 0.06461379711878637 0.019646804636446275 -0.10032208968281987
        vertex 0.05603167662316232 0.021264580681240663 -0.07562191256105019
    endloop
endfacet
facet normal 0 0 0
    outer loop
        vertex 0.07746160139968385 0.015111922706320407 -0.06640593667186367
        vertex 0.049827957182802585 -0.002701512295246563 -0.0768973849135663
        vertex 0.06461379711878637 0.019646804636446275 -0.10032208968281987
    endloop
endfacet
facet normal 0 0 0
    outer loop
        vertex 0.049827957182802585 -0.002701512295246563 -0.0768973849135663
        vertex 0.05603167662316232 0.021264580681240663 -0.07562191256105019
        vertex 0.06461379711878637 0.019646804636446275 -0.10032208968281987
    endloop
endfacet
facet normal 0 0 0
    outer loop
        vertex 0.058549187369237754 -0.004151985032415554 -0.10130747200664475
        vertex 0.07358674440657632 0.017991620324064986 -0.12470777744416679
        vertex 0.06757893943206415 -0.005823685700524341 -0.1255098429676861
    endloop
endfacet
facet normal 0 0 0
    outer loop
        vertex 0.07358674440657632 0.017991620324064986 -0.12470777744416679
        vertex 0.08959274595418709 -0.011857214716364676 -0.1156207610497009
        vertex 0.06757893943206415 -0.005823685700524341 -0.1255098429676861
    endloop
endfacet
facet normal 0 0 0
    outer loop
        vertex 0.07358674440657632 0.017991620324064986 -0.12470777744416679
        vertex 0.058549187369237754 -0.004151985032415554 -0.10130747200664475
        vertex 0.08959274595418709 -0.011857214716364676 -0.1156207610497009
    endloop
endfacet
facet normal 0 0 0
    outer loop
        vertex 0.058549187369237754 -0.004151985032415554 -0.10130747200664475
        vertex 0.06757893943206415 -0.005823685700524341 -0.1255098429676861
        vertex 0.08959274595418709 -0.011857214716364676 -0.1156207610497009
    endloop
endfacet
facet normal 0 0 0
    outer loop
        vertex 0.058549187369237754 -0.004151985032415554 -0.10130747200664475
        vertex 0.08063648783769714 -0.010031355513579839 -0.09156016008221382
        vertex 0.0865200074279017 0.013755721388092482 -0.09117412897273536
    endloop
endfacet
facet normal 0 0 0
    outer loop
        vertex 0.08063648783769714 -0.010031355513579839 -0.09156016008221382
        vertex 0.08959274595418709 -0.011857214716364676 -0.1156207610497009
        vertex 0.0865200074279017 0.013755721388092482 -0.09117412897273536
    endloop
endfacet
facet normal 0 0 0
    outer loop
        vertex 0.08063648783769714 -0.010031355513579839 -0.09156016008221382
        vertex 0.058549187369237754 -0.004151985032415554 -0.10130747200664475
        vertex 0.08959274595418709 -0.011857214716364676 -0.1156207610497009
    endloop
endfacet
facet normal 0 0 0
    outer loop
        vertex 0.058549187369237754 -0.004151985032415554 -0.10130747200664475
        vertex 0.0865200074279017 0.013755721388092482 -0.09117412897273536
        vertex 0.08959274595418709 -0.011857214716364676 -0.1156207610497009
    endloop
endfacet
facet normal 0 0 0
    outer loop
        vertex 0.058549187369237754 -0.004151985032415554 -0.10130747200664475
        vertex 0.07358674440657632 0.017991620324064986 -0.12470777744416679
        vertex 0.08959274595418709 -0.011857214716364676 -0.1156207610497009
    endloop
endfacet
facet normal 0 0 0
    outer loop
        vertex 0.07358674440657632 0.017991620324064986 -0.12470777744416679
        vertex 0.0865200074279017 0.013755721388092482 -0.09117412897273536
        vertex 0.08959274595418709 -0.011857214716364676 -0.1156207610497009
    endloop
endfacet
facet normal 0 0 0
    outer loop
        vertex 0.07358674440657632 0.017991620324064986 -0.12470777744416679
        vertex 0.058549187369237754 -0.004151985032415554 -0.10130747200664475
        vertex 0.0865200074279017 0.013755721388092482 -0.09117412897273536
    endloop
endfacet
facet normal 0 0 0
    outer loop
        vertex 0.058549187369237754 -0.004151985032415554 -0.10130747200664475
        vertex 0.08959274595418709 -0.011857214716364676 -0.1156207610497009
        vertex 0.0865200074279017 0.013755721388092482 -0.09117412897273536
    endloop
endfacet
facet normal 0 0 0
    outer loop
        vertex 0.07358674440657632 0.017991620324064986 -0.12470777744416679
        vertex 0.09564124281843822 0.012190992331871112 -0.11506493039880297
        vertex 0.08959274595418709 -0.011857214716364676 -0.1156207610497009
    endloop
endfacet
facet normal 0 0 0
    outer loop
        vertex 0.09564124281843822 0.012190992331871112 -0.11506493039880297
        vertex 0.0865200074279017 0.013755721388092482 -0.09117412897273536
        vertex 0.08959274595418709 -0.011857214716364676 -0.1156207610497009
    endloop
endfacet
facet normal 0 0 0
    outer loop
        vertex 0.09564124281843822 0.012190992331871112 -0.11506493039880297
        vertex 0.07358674440657632 0.017991620324064986 -0.12470777744416679
        vertex 0.0865200074279017 0.013755721388092482 -0.09117412897273536
    endloop
endfacet
facet normal 0 0 0
    outer loop
        vertex 0.07358674440657632 0.017991620324064986 -0.12470777744416679
        vertex 0.08959274595418709 -0.011857214716364676 -0.1156207610497009
        vertex 0.0865200074279017 0.013755721388092482 -0.09117412897273536
    endloop
endfacet
facet normal 0 0 0
    outer loop
        vertex 0.058549187369237754 -0.004151985032415554 -0.10130747200664475
        vertex 0.0865200074279017 0.013755721388092482 -0.09117412897273536
        vertex 0.06461379711878637 0.019646804636446275 -0.10032208968281987
    endloop
endfacet
facet normal 0 0 0
    outer loop
        vertex 0.0865200074279017 0.013755721388092482 -0.09117412897273536
        vertex 0.07358674440657632 0.017991620324064986 -0.12470777744416679
        vertex 0.06461379711878637 0.019646804636446275 -0.10032208968281987
    endloop
endfacet
facet normal 0 0 0
    outer loop
        vertex 0.0865200074279017 0.013755721388092482 -0.09117412897273536
        vertex 0.058549187369237754 -0.004151985032415554 -0.10130747200664475
        vertex 0.07358674440657632 0.017991620324064986 -0.12470777744416679
    endloop
endfacet
facet normal 0 0 0
    outer loop
        vertex 0.058549187369237754 -0.004151985032415554 -0.10130747200664475
        vertex 0.06461379711878637 0.019646804636446275 -0.10032208968281987
        vertex 0.07358674440657632 0.017991620324064986 -0.12470777744416679
    endloop
endfacet
facet normal 0 0 0
    outer loop
        vertex 0.06757893943206415 -0.005823685700524341 -0.1255098429676861
        vertex 0.08323891314841807 0.016249069258354377 -0.14846102247380621
        vertex 0.0772723673656983 -0.007598335927978313 -0.14918937249255615
    endloop
endfacet
facet normal 0 0 0
    outer loop
        vertex 0.08323891314841807 0.016249069258354377 -0.14846102247380621
        vertex 0.09915337878449693 -0.01371532160367062 -0.13897184568472873
        vertex 0.0772723673656983 -0.007598335927978313 -0.14918937249255615
    endloop
endfacet
facet normal 0 0 0
    outer loop
        vertex 0.08323891314841807 0.016249069258354377 -0.14846102247380621
        vertex 0.06757893943206415 -0.005823685700524341 -0.1255098429676861
        vertex 0.09915337878449693 -0.01371532160367062 -0.13897184568472873
    endloop
endfacet
facet normal 0 0 0
    outer loop
        vertex 0.06757893943206415 -0.005823685700524341 -0.1255098429676861
        vertex 0.0772723673656983 -0.007598335927978313 -0.14918937249255615
        vertex 0.09915337878449693 -0.01371532160367062 -0.13897184568472873
    endloop
endfacet
facet normal 0 0 0
    outer loop
        vertex 0.06757893943206415 -0.005823685700524341 -0.1255098429676861
        vertex 0.08959274595418709 -0.011857214716364676 -0.1156207610497009
        vertex 0.09564124281843822 0.012190992331871112 -0.11506493039880297
    endloop
endfacet
facet normal 0 0 0
    outer loop
        vertex 0.08959274595418709 -0.011857214716364676 -0.1156207610497009
        vertex 0.09915337878449693 -0.01371532160367062 -0.13897184568472873
        vertex 0.09564124281843822 0.012190992331871112 -0.11506493039880297
    endloop
endfacet
facet normal 0 0 0
    outer loop
        vertex 0.08959274595418709 -0.011857214716364676 -0.1156207610497009
        vertex 0.06757893943206415 -0.005823685700524341 -0.1255098429676861
        vertex 0.09915337878449693 -0.01371532160367062 -0.13897184568472873
    endloop
endfacet
facet normal 0 0 0
    outer loop
        vertex 0.06757893943206415 -0.005823685700524341 -0.1255098429676861
        vertex 0.09564124281843822 0.012190992331871112 -0.11506493039880297
        vertex 0.09915337878449693 -0.01371532160367062 -0.13897184568472873
    endloop
endfacet
facet normal 0 0 0
    outer loop
        vertex 0.06757893943206415 -0.005823685700524341 -0.1255098429676861
        vertex 0.08323891314841807 0.016249069258354377 -0.14846102247380621
        vertex 0.09915337878449693 -0.01371532160367062 -0.13897184568472873
    endloop
endfacet
facet normal 0 0 0
    outer loop
        vertex 0.08323891314841807 0.016249069258354377 -0.14846102247380621
        vertex 0.09564124281843822 0.012190992331871112 -0.11506493039880297
        vertex 0.09915337878449693 -0.01371532160367062 -0.13897184568472873
    endloop
endfacet
facet normal 0 0 0
    outer loop
        vertex 0.08323891314841807 0.016249069258354377 -0.14846102247380621
        vertex 0.06757893943206415 -0.005823685700524341 -0.1255098429676861
        vertex 0.09564124281843822 0.012190992331871112 -0.11506493039880297
    endloop
endfacet
facet normal 0 0 0
    outer loop
        vertex 0.06757893943206415 -0.005823685700524341 -0.1255098429676861
        vertex 0.09915337878449693 -0.01371532160367062 -0.13897184568472873
        vertex 0.09564124281843822 0.012190992331871112 -0.11506493039880297
    endloop
endfacet
facet normal 0 0 0
    outer loop
        vertex 0.08323891314841807 0.016249069258354377 -0.14846102247380621
        vertex 0.10531653828835544 0.010343583480242008 -0.13819910615178893
        vertex 0.09915337878449693 -0.01371532160367062 -0.13897184568472873
    endloop
endfacet
facet normal 0 0 0
    outer loop
        vertex 0.10531653828835544 0.010343583480242008 -0.13819910615178893
        vertex 0.09564124281843822 0.012190992331871112 -0.11506493039880297
        vertex 0.09915337878449693 -0.01371532160367062 -0.13897184568472873
    endloop
endfacet
facet normal 0 0 0
    outer loop
        vertex 0.10531653828835544 0.010343583480242008 -0.13819910615178893
        vertex 0.08323891314841807 0.016249069258354377 -0.14846102247380621
        vertex 0.09564124281843822 0.012190992331871112 -0.11506493039880297
    endloop
endfacet
facet normal 0 0 0
    outer loop
        vertex 0.08323891314841807 0.016249069258354377 -0.14846102247380621
        vertex 0.09915337878449693 -0.01371532160367062 -0.13897184568472873
        vertex 0.09564124281843822 0.012190992331871112 -0.11506493039880297
    endloop
endfacet
facet normal 0 0 0
    outer loop
        vertex 0.06757893943206415 -0.005823685700524341 -0.1255098429676861
        vertex 0.09564124281843822 0.012190992331871112 -0.11506493039880297
        vertex 0.07358674440657632 0.017991620324064986 -0.12470777744416679
    endloop
endfacet
facet normal 0 0 0
    outer loop
        vertex 0.09564124281843822 0.012190992331871112 -0.11506493039880297
        vertex 0.08323891314841807 0.016249069258354377 -0.14846102247380621
        vertex 0.07358674440657632 0.017991620324064986 -0.12470777744416679
    endloop
endfacet
facet normal 0 0 0
    outer loop
        vertex 0.09564124281843822 0.012190992331871112 -0.11506493039880297
        vertex 0.06757893943206415 -0.005823685700524341 -0.1255098429676861
        vertex 0.08323891314841807 0.016249069258354377 -0.14846102247380621
    endloop
endfacet
facet normal 0 0 0
    outer loop
        vertex 0.06757893943206415 -0.005823685700524341 -0.1255098429676861
        vertex 0.07358674440657632 0.017991620324064986 -0.12470777744416679
        vertex 0.08323891314841807 0.016249069258354377 -0.14846102247380621
    endloop
endfacet
endsolid