solid tet_mesh
facet normal 0 0 0
    outer loop
        vertex 0.0 0.0 0.0
        vertex 0.023580612836884906 0.02545316975132588 -0.005219632975793608
        vertex 0.021944054738503735 -0.0010574708028448572 -0.006055285147243534
    endloop
endfacet
facet normal 0 0 0
    outer loop
        vertex 0.023580612836884906 0.02545316975132588 -0.005219632975793608
        vertex 0.02635509047840014 0.0004839416527711522 0.019915998448889458
        vertex 0.021944054738503735 -0.0010574708028448572 -0.006055285147243534
    endloop
endfacet
facet normal 0 0 0
    outer loop
        vertex 0.023580612836884906 0.02545316975132588 -0.005219632975793608
        vertex 0.0 0.0 0.0
        vertex 0.02635509047840014 0.0004839416527711522 0.019915998448889458
    endloop
endfacet
facet normal 0 0 0
    outer loop
        vertex 0.0 0.0 0.0
        vertex 0.021944054738503735 -0.0010574708028448572 -0.006055285147243534
        vertex 0.02635509047840014 0.0004839416527711522 0.019915998448889458
    endloop
endfacet
facet normal 0 0 0
    outer loop
        vertex 0.0 0.0 0.0
        vertex 0.0 0.0 0.025
        vertex 0.0 0.025 0.025
    endloop
endfacet
facet normal 0 0 0
    outer loop
        vertex 0.0 0.0 0.025
        vertex 0.02635509047840014 0.0004839416527711522 0.019915998448889458
        vertex 0.0 0.025 0.025
    endloop
endfacet
facet normal 0 0 0
    outer loop
        vertex 0.0 0.0 0.025
        vertex 0.0 0.0 0.0
        vertex 0.02635509047840014 0.0004839416527711522 0.019915998448889458
    endloop
endfacet
facet normal 0 0 0
    outer loop
        vertex 0.0 0.0 0.0
        vertex 0.0 0.025 0.025
        vertex 0.02635509047840014 0.0004839416527711522 0.019915998448889458
    endloop
endfacet
facet normal 0 0 0
    outer loop
        vertex 0.0 0.0 0.0
        vertex 0.023580612836884906 0.02545316975132588 -0.005219632975793608
        vertex 0.02635509047840014 0.0004839416527711522 0.019915998448889458
    endloop
endfacet
facet normal 0 0 0
    outer loop
        vertex 0.023580612836884906 0.02545316975132588 -0.005219632975793608
        vertex 0.0 0.025 0.025
        vertex 0.02635509047840014 0.0004839416527711522 0.019915998448889458
    endloop
endfacet
facet normal 0 0 0
    outer loop
        vertex 0.023580612836884906 0.02545316975132588 -0.005219632975793608
        vertex 0.0 0.0 0.0
        vertex 0.0 0.025 0.025
    endloop
endfacet
facet normal 0 0 0
    outer loop
        vertex 0.0 0.0 0.0
        vertex 0.02635509047840014 0.0004839416527711522 0.019915998448889458
        vertex 0.0 0.025 0.025
    endloop
endfacet
facet normal 0 0 0
    outer loop
        vertex 0.023580612836884906 0.02545316975132588 -0.005219632975793608
        vertex 0.027936793388849215 0.023739464629589976 0.019240860264613913
        vertex 0.02635509047840014 0.0004839416527711522 0.019915998448889458
    endloop
endfacet
facet normal 0 0 0
    outer loop
        vertex 0.027936793388849215 0.023739464629589976 0.019240860264613913
        vertex 0.0 0.025 0.025
        vertex 0.02635509047840014 0.0004839416527711522 0.019915998448889458
    endloop
endfacet
facet normal 0 0 0
    outer loop
        vertex 0.027936793388849215 0.023739464629589976 0.019240860264613913
        vertex 0.023580612836884906 0.02545316975132588 -0.005219632975793608
        vertex 0.0 0.025 0.025
    endloop
endfacet
facet normal 0 0 0
    outer loop
        vertex 0.023580612836884906 0.02545316975132588 -0.005219632975793608
        vertex 0.02635509047840014 0.0004839416527711522 0.019915998448889458
        vertex 0.0 0.025 0.025
    endloop
endfacet
facet normal 0 0 0
    outer loop
        vertex 0.0 0.0 0.0
        vertex 0.0 0.025 0.025
        vertex 0.0 0.025 0.0
    endloop
endfacet
facet normal 0 0 0
    outer loop
        vertex 0.0 0.025 0.025
        vertex 0.023580612836884906 0.02545316975132588 -0.005219632975793608
        vertex 0.0 0.025 0.0
    endloop
endfacet
facet normal 0 0 0
    outer loop
        vertex 0.0 0.025 0.025
        vertex 0.0 0.0 0.0
        vertex 0.023580612836884906 0.02545316975132588 -0.005219632975793608
    endloop
endfacet
facet normal 0 0 0
    outer loop
        vertex 0.0 0.0 0.0
        vertex 0.0 0.025 0.0
        vertex 0.023580612836884906 0.02545316975132588 -0.005219632975793608
    endloop
endfacet
facet normal 0 0 0
    outer loop
        vertex 0.021944054738503735 -0.0010574708028448572 -0.006055285147243534
        vertex 0.047145166768444484 0.02351974777129123 -0.013490057026788627
        vertex 0.0456725311633627 -0.0019210272311324039 -0.014188430714873761
    endloop
endfacet
facet normal 0 0 0
    outer loop
        vertex 0.047145166768444484 0.02351974777129123 -0.013490057026788627
        vertex 0.05259642225706698 -0.0016039788091503874 0.011481736081884948
        vertex 0.0456725311633627 -0.0019210272311324039 -0.014188430714873761
    endloop
endfacet
facet normal 0 0 0
    outer loop
        vertex 0.047145166768444484 0.02351974777129123 -0.013490057026788627
        vertex 0.021944054738503735 -0.0010574708028448572 -0.006055285147243534
        vertex 0.05259642225706698 -0.0016039788091503874 0.011481736081884948
    endloop
endfacet
facet normal 0 0 0
    outer loop
        vertex 0.021944054738503735 -0.0010574708028448572 -0.006055285147243534
        vertex 0.0456725311633627 -0.0019210272311324039 -0.014188430714873761
        vertex 0.05259642225706698 -0.0016039788091503874 0.011481736081884948
    endloop
endfacet
facet normal 0 0 0
    outer loop
        vertex 0.021944054738503735 -0.0010574708028448572 -0.006055285147243534
        vertex 0.02635509047840014 0.0004839416527711522 0.019915998448889458
        vertex 0.027936793388849215 0.023739464629589976 0.019240860264613913
    endloop
endfacet
facet normal 0 0 0
    outer loop
        vertex 0.02635509047840014 0.0004839416527711522 0.019915998448889458
        vertex 0.05259642225706698 -0.0016039788091503874 0.011481736081884948
        vertex 0.027936793388849215 0.023739464629589976 0.019240860264613913
    endloop
endfacet
facet normal 0 0 0
    outer loop
        vertex 0.02635509047840014 0.0004839416527711522 0.019915998448889458
        vertex 0.021944054738503735 -0.0010574708028448572 -0.006055285147243534
        vertex 0.05259642225706698 -0.0016039788091503874 0.011481736081884948
    endloop
endfacet
facet normal 0 0 0
    outer loop
        vertex 0.021944054738503735 -0.0010574708028448572 -0.006055285147243534
        vertex 0.027936793388849215 0.023739464629589976 0.019240860264613913
        vertex 0.05259642225706698 -0.0016039788091503874 0.011481736081884948
    endloop
endfacet
facet normal 0 0 0
    outer loop
        vertex 0.021944054738503735 -0.0010574708028448572 -0.006055285147243534
        vertex 0.047145166768444484 0.02351974777129123 -0.013490057026788627
        vertex 0.05259642225706698 -0.0016039788091503874 0.011481736081884948
    endloop
endfacet
facet normal 0 0 0
    outer loop
        vertex 0.047145166768444484 0.02351974777129123 -0.013490057026788627
        vertex 0.027936793388849215 0.023739464629589976 0.019240860264613913
        vertex 0.05259642225706698 -0.0016039788091503874 0.011481736081884948
    endloop
endfacet
facet normal 0 0 0
    outer loop
        vertex 0.047145166768444484 0.02351974777129123 -0.013490057026788627
        vertex 0.021944054738503735 -0.0010574708028448572 -0.006055285147243534
        vertex 0.027936793388849215 0.023739464629589976 0.019240860264613913
    endloop
endfacet
facet normal 0 0 0
    outer loop
        vertex 0.021944054738503735 -0.0010574708028448572 -0.006055285147243534
        vertex 0.05259642225706698 -0.0016039788091503874 0.011481736081884948
        vertex 0.027936793388849215 0.023739464629589976 0.019240860264613913
    endloop
endfacet
facet normal 0 0 0
    outer loop
        vertex 0.047145166768444484 0.02351974777129123 -0.013490057026788627
        vertex 0.05406009046093252 0.02269454038665149 0.011302563098110353
        vertex 0.05259642225706698 -0.0016039788091503874 0.011481736081884948
    endloop
endfacet
facet normal 0 0 0
    outer loop
        vertex 0.05406009046093252 0.02269454038665149 0.011302563098110353
        vertex 0.027936793388849215 0.023739464629589976 0.019240860264613913
        vertex 0.05259642225706698 -0.0016039788091503874 0.011481736081884948
    endloop
endfacet
facet normal 0 0 0
    outer loop
        vertex 0.05406009046093252 0.02269454038665149 0.011302563098110353
        vertex 0.047145166768444484 0.02351974777129123 -0.013490057026788627
        vertex 0.027936793388849215 0.023739464629589976 0.019240860264613913
    endloop
endfacet
facet normal 0 0 0
    outer loop
        vertex 0.047145166768444484 0.02351974777129123 -0.013490057026788627
        vertex 0.05259642225706698 -0.0016039788091503874 0.011481736081884948
        vertex 0.027936793388849215 0.023739464629589976 0.019240860264613913
    endloop
endfacet
facet normal 0 0 0
    outer loop
        vertex 0.021944054738503735 -0.0010574708028448572 -0.006055285147243534
        vertex 0.027936793388849215 0.023739464629589976 0.019240860264613913
        vertex 0.023580612836884906 0.02545316975132588 -0.005219632975793608
    endloop
endfacet
facet normal 0 0 0
    outer loop
        vertex 0.027936793388849215 0.023739464629589976 0.019240860264613913
        vertex 0.047145166768444484 0.02351974777129123 -0.013490057026788627
        vertex 0.023580612836884906 0.02545316975132588 -0.005219632975793608
    endloop
endfacet
facet normal 0 0 0
    outer loop
        vertex 0.027936793388849215 0.023739464629589976 0.019240860264613913
        vertex 0.021944054738503735 -0.0010574708028448572 -0.006055285147243534
        vertex 0.047145166768444484 0.02351974777129123 -0.013490057026788627
    endloop
endfacet
facet normal 0 0 0
    outer loop
        vertex 0.021944054738503735 -0.0010574708028448572 -0.006055285147243534
        vertex 0.023580612836884906 0.02545316975132588 -0.005219632975793608
        vertex 0.047145166768444484 0.02351974777129123 -0.013490057026788627
    endloop
endfacet
facet normal 0 0 0
    outer loop
        vertex 0.0456725311633627 -0.0019210272311324039 -0.014188430714873761
        vertex 0.07175593357495637 0.02182833045112469 -0.02201464623378922
        vertex 0.07017046198738791 -0.002977802656094086 -0.02289227215873856
    endloop
endfacet
facet normal 0 0 0
    outer loop
        vertex 0.07175593357495637 0.02182833045112469 -0.02201464623378922
        vertex 0.07780578705918499 -0.0034033168287767265 0.002855254684555511
        vertex 0.07017046198738791 -0.002977802656094086 -0.02289227215873856
    endloop
endfacet
facet normal 0 0 0
    outer loop
        vertex 0.07175593357495637 0.02182833045112469 -0.02201464623378922
        vertex 0.0456725311633627 -0.0019210272311324039 -0.014188430714873761
        vertex 0.07780578705918499 -0.0034033168287767265 0.002855254684555511
    endloop
endfacet
facet normal 0 0 0
    outer loop
        vertex 0.0456725311633627 -0.0019210272311324039 -0.014188430714873761
        vertex 0.07017046198738791 -0.002977802656094086 -0.02289227215873856
        vertex 0.07780578705918499 -0.0034033168287767265 0.002855254684555511
    endloop
endfacet
facet normal 0 0 0
    outer loop
        vertex 0.0456725311633627 -0.0019210272311324039 -0.014188430714873761
        vertex 0.05259642225706698 -0.0016039788091503874 0.011481736081884948
        vertex 0.05406009046093252 0.02269454038665149 0.011302563098110353
    endloop
endfacet
facet normal 0 0 0
    outer loop
        vertex 0.05259642225706698 -0.0016039788091503874 0.011481736081884948
        vertex 0.07780578705918499 -0.0034033168287767265 0.002855254684555511
        vertex 0.05406009046093252 0.02269454038665149 0.011302563098110353
    endloop
endfacet
facet normal 0 0 0
    outer loop
        vertex 0.05259642225706698 -0.0016039788091503874 0.011481736081884948
        vertex 0.0456725311633627 -0.0019210272311324039 -0.014188430714873761
        vertex 0.07780578705918499 -0.0034033168287767265 0.002855254684555511
    endloop
endfacet
facet normal 0 0 0
    outer loop
        vertex 0.0456725311633627 -0.0019210272311324039 -0.014188430714873761
        vertex 0.05406009046093252 0.02269454038665149 0.011302563098110353
        vertex 0.07780578705918499 -0.0034033168287767265 0.002855254684555511
    endloop
endfacet
facet normal 0 0 0
    outer loop
        vertex 0.0456725311633627 -0.0019210272311324039 -0.014188430714873761
        vertex 0.07175593357495637 0.02182833045112469 -0.02201464623378922
        vertex 0.07780578705918499 -0.0034033168287767265 0.002855254684555511
    endloop
endfacet
facet normal 0 0 0
    outer loop
        vertex 0.07175593357495637 0.02182833045112469 -0.02201464623378922
        vertex 0.05406009046093252 0.02269454038665149 0.011302563098110353
        vertex 0.07780578705918499 -0.0034033168287767265 0.002855254684555511
    endloop
endfacet
facet normal 0 0 0
    outer loop
        vertex 0.07175593357495637 0.02182833045112469 -0.02201464623378922
        vertex 0.0456725311633627 -0.0019210272311324039 -0.014188430714873761
        vertex 0.05406009046093252 0.02269454038665149 0.011302563098110353
    endloop
endfacet
facet normal 0 0 0
    outer loop
        vertex 0.0456725311633627 -0.0019210272311324039 -0.014188430714873761
        vertex 0.07780578705918499 -0.0034033168287767265 0.002855254684555511
        vertex 0.05406009046093252 0.02269454038665149 0.011302563098110353
    endloop
endfacet
facet normal 0 0 0
    outer loop
        vertex 0.07175593357495637 0.02182833045112469 -0.02201464623378922
        vertex 0.07915205929949437 0.02138481724314977 0.0031633207137456883
        vertex 0.07780578705918499 -0.0034033168287767265 0.002855254684555511
    endloop
endfacet
facet normal 0 0 0
    outer loop
        vertex 0.07915205929949437 0.02138481724314977 0.0031633207137456883
        vertex 0.05406009046093252 0.02269454038665149 0.011302563098110353
        vertex 0.07780578705918499 -0.0034033168287767265 0.002855254684555511
    endloop
endfacet
facet normal 0 0 0
    outer loop
        vertex 0.07915205929949437 0.02138481724314977 0.0031633207137456883
        vertex 0.07175593357495637 0.02182833045112469 -0.02201464623378922
        vertex 0.05406009046093252 0.02269454038665149 0.011302563098110353
    endloop
endfacet
facet normal 0 0 0
    outer loop
        vertex 0.07175593357495637 0.02182833045112469 -0.02201464623378922
        vertex 0.07780578705918499 -0.0034033168287767265 0.002855254684555511
        vertex 0.05406009046093252 0.02269454038665149 0.011302563098110353
    endloop
endfacet
facet normal 0 0 0
    outer loop
        vertex 0.0456725311633627 -0.0019210272311324039 -0.014188430714873761
        vertex 0.05406009046093252 0.02269454038665149 0.011302563098110353
        vertex 0.047145166768444484 0.02351974777129123 -0.013490057026788627
    endloop
endfacet
facet normal 0 0 0
    outer loop
        vertex 0.05406009046093252 0.02269454038665149 0.011302563098110353
        vertex 0.07175593357495637 0.02182833045112469 -0.02201464623378922
        vertex 0.047145166768444484 0.02351974777129123 -0.013490057026788627
    endloop
endfacet
facet normal 0 0 0
    outer loop
        vertex 0.05406009046093252 0.02269454038665149 0.011302563098110353
        vertex 0.0456725311633627 -0.0019210272311324039 -0.014188430714873761
        vertex 0.07175593357495637 0.02182833045112469 -0.02201464623378922
    endloop
endfacet
facet normal 0 0 0
    outer loop
        vertex 0.0456725311633627 -0.0019210272311324039 -0.014188430714873761
        vertex 0.047145166768444484 0.02351974777129123 -0.013490057026788627
        vertex 0.07175593357495637 0.02182833045112469 -0.02201464623378922
    endloop
endfacet
endsolid