solid tet_mesh
facet normal 0 0 0
    outer loop
        vertex 0.0 0.0 0.0
        vertex 0.023722371434481245 0.02559014506515509 -0.004558506728906244
        vertex 0.022071321209626973 -0.000559674077125436 -0.005838918489576139
    endloop
endfacet
facet normal 0 0 0
    outer loop
        vertex 0.023722371434481245 0.02559014506515509 -0.004558506728906244
        vertex 0.026205672486745265 0.00020498638716951497 0.019671154822956095
        vertex 0.022071321209626973 -0.000559674077125436 -0.005838918489576139
    endloop
endfacet
facet normal 0 0 0
    outer loop
        vertex 0.023722371434481245 0.02559014506515509 -0.004558506728906244
        vertex 0.0 0.0 0.0
        vertex 0.026205672486745265 0.00020498638716951497 0.019671154822956095
    endloop
endfacet
facet normal 0 0 0
    outer loop
        vertex 0.0 0.0 0.0
        vertex 0.022071321209626973 -0.000559674077125436 -0.005838918489576139
        vertex 0.026205672486745265 0.00020498638716951497 0.019671154822956095
    endloop
endfacet
facet normal 0 0 0
    outer loop
        vertex 0.0 0.0 0.0
        vertex 0.0 0.0 0.025
        vertex 0.0 0.025 0.025
    endloop
endfacet
facet normal 0 0 0
    outer loop
        vertex 0.0 0.0 0.025
        vertex 0.026205672486745265 0.00020498638716951497 0.019671154822956095
        vertex 0.0 0.025 0.025
    endloop
endfacet
facet normal 0 0 0
    outer loop
        vertex 0.0 0.0 0.025
        vertex 0.0 0.0 0.0
        vertex 0.026205672486745265 0.00020498638716951497 0.019671154822956095
    endloop
endfacet
facet normal 0 0 0
    outer loop
        vertex 0.0 0.0 0.0
        vertex 0.0 0.025 0.025
        vertex 0.026205672486745265 0.00020498638716951497 0.019671154822956095
    endloop
endfacet
facet normal 0 0 0
    outer loop
        vertex 0.0 0.0 0.0
        vertex 0.023722371434481245 0.02559014506515509 -0.004558506728906244
        vertex 0.026205672486745265 0.00020498638716951497 0.019671154822956095
    endloop
endfacet
facet normal 0 0 0
    outer loop
        vertex 0.023722371434481245 0.02559014506515509 -0.004558506728906244
        vertex 0.0 0.025 0.025
        vertex 0.026205672486745265 0.00020498638716951497 0.019671154822956095
    endloop
endfacet
facet normal 0 0 0
    outer loop
        vertex 0.023722371434481245 0.02559014506515509 -0.004558506728906244
        vertex 0.0 0.0 0.0
        vertex 0.0 0.025 0.025
    endloop
endfacet
facet normal 0 0 0
    outer loop
        vertex 0.0 0.0 0.0
        vertex 0.026205672486745265 0.00020498638716951497 0.019671154822956095
        vertex 0.0 0.025 0.025
    endloop
endfacet
facet normal 0 0 0
    outer loop
        vertex 0.023722371434481245 0.02559014506515509 -0.004558506728906244
        vertex 0.027753614958313307 0.023514128979175607 0.01929908000886469
        vertex 0.026205672486745265 0.00020498638716951497 0.019671154822956095
    endloop
endfacet
facet normal 0 0 0
    outer loop
        vertex 0.027753614958313307 0.023514128979175607 0.01929908000886469
        vertex 0.0 0.025 0.025
        vertex 0.026205672486745265 0.00020498638716951497 0.019671154822956095
    endloop
endfacet
facet normal 0 0 0
    outer loop
        vertex 0.027753614958313307 0.023514128979175607 0.01929908000886469
        vertex 0.023722371434481245 0.02559014506515509 -0.004558506728906244
        vertex 0.0 0.025 0.025
    endloop
endfacet
facet normal 0 0 0
    outer loop
        vertex 0.023722371434481245 0.02559014506515509 -0.004558506728906244
        vertex 0.026205672486745265 0.00020498638716951497 0.019671154822956095
        vertex 0.0 0.025 0.025
    endloop
endfacet
facet normal 0 0 0
    outer loop
        vertex 0.0 0.0 0.0
        vertex 0.0 0.025 0.025
        vertex 0.0 0.025 0.0
    endloop
endfacet
facet normal 0 0 0
    outer loop
        vertex 0.0 0.025 0.025
        vertex 0.023722371434481245 0.02559014506515509 -0.004558506728906244
        vertex 0.0 0.025 0.0
    endloop
endfacet
facet normal 0 0 0
    outer loop
        vertex 0.0 0.025 0.025
        vertex 0.0 0.0 0.0
        vertex 0.023722371434481245 0.02559014506515509 -0.004558506728906244
    endloop
endfacet
facet normal 0 0 0
    outer loop
        vertex 0.0 0.0 0.0
        vertex 0.0 0.025 0.0
        vertex 0.023722371434481245 0.02559014506515509 -0.004558506728906244
    endloop
endfacet
facet normal 0 0 0
    outer loop
        vertex 0.022071321209626973 -0.000559674077125436 -0.005838918489576139
        vertex 0.046820272558923334 0.023871364213531462 -0.012133620708592986
        vertex 0.04515282415312666 -0.0013187927786185018 -0.013136848546241489
    endloop
endfacet
facet normal 0 0 0
    outer loop
        vertex 0.046820272558923334 0.023871364213531462 -0.012133620708592986
        vertex 0.05141295277264979 -0.0018281767244135254 0.011622767993689758
        vertex 0.04515282415312666 -0.0013187927786185018 -0.013136848546241489
    endloop
endfacet
facet normal 0 0 0
    outer loop
        vertex 0.046820272558923334 0.023871364213531462 -0.012133620708592986
        vertex 0.022071321209626973 -0.000559674077125436 -0.005838918489576139
        vertex 0.05141295277264979 -0.0018281767244135254 0.011622767993689758
    endloop
endfacet
facet normal 0 0 0
    outer loop
        vertex 0.022071321209626973 -0.000559674077125436 -0.005838918489576139
        vertex 0.04515282415312666 -0.0013187927786185018 -0.013136848546241489
        vertex 0.05141295277264979 -0.0018281767244135254 0.011622767993689758
    endloop
endfacet
facet normal 0 0 0
    outer loop
        vertex 0.022071321209626973 -0.000559674077125436 -0.005838918489576139
        vertex 0.026205672486745265 0.00020498638716951497 0.019671154822956095
        vertex 0.027753614958313307 0.023514128979175607 0.01929908000886469
    endloop
endfacet
facet normal 0 0 0
    outer loop
        vertex 0.026205672486745265 0.00020498638716951497 0.019671154822956095
        vertex 0.05141295277264979 -0.0018281767244135254 0.011622767993689758
        vertex 0.027753614958313307 0.023514128979175607 0.01929908000886469
    endloop
endfacet
facet normal 0 0 0
    outer loop
        vertex 0.026205672486745265 0.00020498638716951497 0.019671154822956095
        vertex 0.022071321209626973 -0.000559674077125436 -0.005838918489576139
        vertex 0.05141295277264979 -0.0018281767244135254 0.011622767993689758
    endloop
endfacet
facet normal 0 0 0
    outer loop
        vertex 0.022071321209626973 -0.000559674077125436 -0.005838918489576139
        vertex 0.027753614958313307 0.023514128979175607 0.01929908000886469
        vertex 0.05141295277264979 -0.0018281767244135254 0.011622767993689758
    endloop
endfacet
facet normal 0 0 0
    outer loop
        vertex 0.022071321209626973 -0.000559674077125436 -0.005838918489576139
        vertex 0.046820272558923334 0.023871364213531462 -0.012133620708592986
        vertex 0.05141295277264979 -0.0018281767244135254 0.011622767993689758
    endloop
endfacet
facet normal 0 0 0
    outer loop
        vertex 0.046820272558923334 0.023871364213531462 -0.012133620708592986
        vertex 0.027753614958313307 0.023514128979175607 0.01929908000886469
        vertex 0.05141295277264979 -0.0018281767244135254 0.011622767993689758
    endloop
endfacet
facet normal 0 0 0
    outer loop
        vertex 0.046820272558923334 0.023871364213531462 -0.012133620708592986
        vertex 0.022071321209626973 -0.000559674077125436 -0.005838918489576139
        vertex 0.027753614958313307 0.023514128979175607 0.01929908000886469
    endloop
endfacet
facet normal 0 0 0
    outer loop
        vertex 0.022071321209626973 -0.000559674077125436 -0.005838918489576139
        vertex 0.05141295277264979 -0.0018281767244135254 0.011622767993689758
        vertex 0.027753614958313307 0.023514128979175607 0.01929908000886469
    endloop
endfacet
facet normal 0 0 0
    outer loop
        vertex 0.046820272558923334 0.023871364213531462 -0.012133620708592986
        vertex 0.05287630054964971 0.022470466674330666 0.011795936243520124
        vertex 0.05141295277264979 -0.0018281767244135254 0.011622767993689758
    endloop
endfacet
facet normal 0 0 0
    outer loop
        vertex 0.05287630054964971 0.022470466674330666 0.011795936243520124
        vertex 0.027753614958313307 0.023514128979175607 0.01929908000886469
        vertex 0.05141295277264979 -0.0018281767244135254 0.011622767993689758
    endloop
endfacet
facet normal 0 0 0
    outer loop
        vertex 0.05287630054964971 0.022470466674330666 0.011795936243520124
        vertex 0.046820272558923334 0.023871364213531462 -0.012133620708592986
        vertex 0.027753614958313307 0.023514128979175607 0.01929908000886469
    endloop
endfacet
facet normal 0 0 0
    outer loop
        vertex 0.046820272558923334 0.023871364213531462 -0.012133620708592986
        vertex 0.05141295277264979 -0.0018281767244135254 0.011622767993689758
        vertex 0.027753614958313307 0.023514128979175607 0.01929908000886469
    endloop
endfacet
facet normal 0 0 0
    outer loop
        vertex 0.022071321209626973 -0.000559674077125436 -0.005838918489576139
        vertex 0.027753614958313307 0.023514128979175607 0.01929908000886469
        vertex 0.023722371434481245 0.02559014506515509 -0.004558506728906244
    endloop
endfacet
facet normal 0 0 0
    outer loop
        vertex 0.027753614958313307 0.023514128979175607 0.01929908000886469
        vertex 0.046820272558923334 0.023871364213531462 -0.012133620708592986
        vertex 0.023722371434481245 0.02559014506515509 -0.004558506728906244
    endloop
endfacet
facet normal 0 0 0
    outer loop
        vertex 0.027753614958313307 0.023514128979175607 0.01929908000886469
        vertex 0.022071321209626973 -0.000559674077125436 -0.005838918489576139
        vertex 0.046820272558923334 0.023871364213531462 -0.012133620708592986
    endloop
endfacet
facet normal 0 0 0
    outer loop
        vertex 0.022071321209626973 -0.000559674077125436 -0.005838918489576139
        vertex 0.023722371434481245 0.02559014506515509 -0.004558506728906244
        vertex 0.046820272558923334 0.023871364213531462 -0.012133620708592986
    endloop
endfacet
facet normal 0 0 0
    outer loop
        vertex 0.04515282415312666 -0.0013187927786185018 -0.013136848546241489
        vertex 0.07050807020905336 0.02232582095750779 -0.01973205321931076
        vertex 0.06871815919114752 -0.002314891575342278 -0.02076583931372967
    endloop
endfacet
facet normal 0 0 0
    outer loop
        vertex 0.07050807020905336 0.02232582095750779 -0.01973205321931076
        vertex 0.07545463787710534 -0.003496441805059272 0.003909296188703434
        vertex 0.06871815919114752 -0.002314891575342278 -0.02076583931372967
    endloop
endfacet
facet normal 0 0 0
    outer loop
        vertex 0.07050807020905336 0.02232582095750779 -0.01973205321931076
        vertex 0.04515282415312666 -0.0013187927786185018 -0.013136848546241489
        vertex 0.07545463787710534 -0.003496441805059272 0.003909296188703434
    endloop
endfacet
facet normal 0 0 0
    outer loop
        vertex 0.04515282415312666 -0.0013187927786185018 -0.013136848546241489
        vertex 0.06871815919114752 -0.002314891575342278 -0.02076583931372967
        vertex 0.07545463787710534 -0.003496441805059272 0.003909296188703434
    endloop
endfacet
facet normal 0 0 0
    outer loop
        vertex 0.04515282415312666 -0.0013187927786185018 -0.013136848546241489
        vertex 0.05141295277264979 -0.0018281767244135254 0.011622767993689758
        vertex 0.05287630054964971 0.022470466674330666 0.011795936243520124
    endloop
endfacet
facet normal 0 0 0
    outer loop
        vertex 0.05141295277264979 -0.0018281767244135254 0.011622767993689758
        vertex 0.07545463787710534 -0.003496441805059272 0.003909296188703434
        vertex 0.05287630054964971 0.022470466674330666 0.011795936243520124
    endloop
endfacet
facet normal 0 0 0
    outer loop
        vertex 0.05141295277264979 -0.0018281767244135254 0.011622767993689758
        vertex 0.04515282415312666 -0.0013187927786185018 -0.013136848546241489
        vertex 0.07545463787710534 -0.003496441805059272 0.003909296188703434
    endloop
endfacet
facet normal 0 0 0
    outer loop
        vertex 0.04515282415312666 -0.0013187927786185018 -0.013136848546241489
        vertex 0.05287630054964971 0.022470466674330666 0.011795936243520124
        vertex 0.07545463787710534 -0.003496441805059272 0.003909296188703434
    endloop
endfacet
facet normal 0 0 0
    outer loop
        vertex 0.04515282415312666 -0.0013187927786185018 -0.013136848546241489
        vertex 0.07050807020905336 0.02232582095750779 -0.01973205321931076
        vertex 0.07545463787710534 -0.003496441805059272 0.003909296188703434
    endloop
endfacet
facet normal 0 0 0
    outer loop
        vertex 0.07050807020905336 0.02232582095750779 -0.01973205321931076
        vertex 0.05287630054964971 0.022470466674330666 0.011795936243520124
        vertex 0.07545463787710534 -0.003496441805059272 0.003909296188703434
    endloop
endfacet
facet normal 0 0 0
    outer loop
        vertex 0.07050807020905336 0.02232582095750779 -0.01973205321931076
        vertex 0.04515282415312666 -0.0013187927786185018 -0.013136848546241489
        vertex 0.05287630054964971 0.022470466674330666 0.011795936243520124
    endloop
endfacet
facet normal 0 0 0
    outer loop
        vertex 0.04515282415312666 -0.0013187927786185018 -0.013136848546241489
        vertex 0.07545463787710534 -0.003496441805059272 0.003909296188703434
        vertex 0.05287630054964971 0.022470466674330666 0.011795936243520124
    endloop
endfacet
facet normal 0 0 0
    outer loop
        vertex 0.07050807020905336 0.02232582095750779 -0.01973205321931076
        vertex 0.07692244336845588 0.021223243078773317 0.004575400524745726
        vertex 0.07545463787710534 -0.003496441805059272 0.003909296188703434
    endloop
endfacet
facet normal 0 0 0
    outer loop
        vertex 0.07692244336845588 0.021223243078773317 0.004575400524745726
        vertex 0.05287630054964971 0.022470466674330666 0.011795936243520124
        vertex 0.07545463787710534 -0.003496441805059272 0.003909296188703434
    endloop
endfacet
facet normal 0 0 0
    outer loop
        vertex 0.07692244336845588 0.021223243078773317 0.004575400524745726
        vertex 0.07050807020905336 0.02232582095750779 -0.01973205321931076
        vertex 0.05287630054964971 0.022470466674330666 0.011795936243520124
    endloop
endfacet
facet normal 0 0 0
    outer loop
        vertex 0.07050807020905336 0.02232582095750779 -0.01973205321931076
        vertex 0.07545463787710534 -0.003496441805059272 0.003909296188703434
        vertex 0.05287630054964971 0.022470466674330666 0.011795936243520124
    endloop
endfacet
facet normal 0 0 0
    outer loop
        vertex 0.04515282415312666 -0.0013187927786185018 -0.013136848546241489
        vertex 0.05287630054964971 0.022470466674330666 0.011795936243520124
        vertex 0.046820272558923334 0.023871364213531462 -0.012133620708592986
    endloop
endfacet
facet normal 0 0 0
    outer loop
        vertex 0.05287630054964971 0.022470466674330666 0.011795936243520124
        vertex 0.07050807020905336 0.02232582095750779 -0.01973205321931076
        vertex 0.046820272558923334 0.023871364213531462 -0.012133620708592986
    endloop
endfacet
facet normal 0 0 0
    outer loop
        vertex 0.05287630054964971 0.022470466674330666 0.011795936243520124
        vertex 0.04515282415312666 -0.0013187927786185018 -0.013136848546241489
        vertex 0.07050807020905336 0.02232582095750779 -0.01973205321931076
    endloop
endfacet
facet normal 0 0 0
    outer loop
        vertex 0.04515282415312666 -0.0013187927786185018 -0.013136848546241489
        vertex 0.046820272558923334 0.023871364213531462 -0.012133620708592986
        vertex 0.07050807020905336 0.02232582095750779 -0.01973205321931076
    endloop
endfacet
endsolid