solid tet_mesh
facet normal 0 0 0
    outer loop
        vertex 0.0 0.0 0.0
        vertex 0.019322451347539626 0.02681267900530352 -0.020878531903174433
        vertex 0.012776218954014928 -0.004229883211379429 -0.024221140588974135
    endloop
endfacet
facet normal 0 0 0
    outer loop
        vertex 0.019322451347539626 0.02681267900530352 -0.020878531903174433
        vertex 0.03042036191360056 0.0019357666110846087 0.004663993795557826
        vertex 0.012776218954014928 -0.004229883211379429 -0.024221140588974135
    endloop
endfacet
facet normal 0 0 0
    outer loop
        vertex 0.019322451347539626 0.02681267900530352 -0.020878531903174433
        vertex 0.0 0.0 0.0
        vertex 0.03042036191360056 0.0019357666110846087 0.004663993795557826
    endloop
endfacet
facet normal 0 0 0
    outer loop
        vertex 0.0 0.0 0.0
        vertex 0.012776218954014928 -0.004229883211379429 -0.024221140588974135
        vertex 0.03042036191360056 0.0019357666110846087 0.004663993795557826
    endloop
endfacet
facet normal 0 0 0
    outer loop
        vertex 0.0 0.0 0.0
        vertex 0.0 0.0 0.025
        vertex 0.0 0.025 0.025
    endloop
endfacet
facet normal 0 0 0
    outer loop
        vertex 0.0 0.0 0.025
        vertex 0.03042036191360056 0.0019357666110846087 0.004663993795557826
        vertex 0.0 0.025 0.025
    endloop
endfacet
facet normal 0 0 0
    outer loop
        vertex 0.0 0.0 0.025
        vertex 0.0 0.0 0.0
        vertex 0.03042036191360056 0.0019357666110846087 0.004663993795557826
    endloop
endfacet
facet normal 0 0 0
    outer loop
        vertex 0.0 0.0 0.0
        vertex 0.0 0.025 0.025
        vertex 0.03042036191360056 0.0019357666110846087 0.004663993795557826
    endloop
endfacet
facet normal 0 0 0
    outer loop
        vertex 0.0 0.0 0.0
        vertex 0.019322451347539626 0.02681267900530352 -0.020878531903174433
        vertex 0.03042036191360056 0.0019357666110846087 0.004663993795557826
    endloop
endfacet
facet normal 0 0 0
    outer loop
        vertex 0.019322451347539626 0.02681267900530352 -0.020878531903174433
        vertex 0.0 0.025 0.025
        vertex 0.03042036191360056 0.0019357666110846087 0.004663993795557826
    endloop
endfacet
facet normal 0 0 0
    outer loop
        vertex 0.019322451347539626 0.02681267900530352 -0.020878531903174433
        vertex 0.0 0.0 0.0
        vertex 0.0 0.025 0.025
    endloop
endfacet
facet normal 0 0 0
    outer loop
        vertex 0.0 0.0 0.0
        vertex 0.03042036191360056 0.0019357666110846087 0.004663993795557826
        vertex 0.0 0.025 0.025
    endloop
endfacet
facet normal 0 0 0
    outer loop
        vertex 0.019322451347539626 0.02681267900530352 -0.020878531903174433
        vertex 0.03674717355539685 0.019957858518359895 0.00196344105845565
        vertex 0.03042036191360056 0.0019357666110846087 0.004663993795557826
    endloop
endfacet
facet normal 0 0 0
    outer loop
        vertex 0.03674717355539685 0.019957858518359895 0.00196344105845565
        vertex 0.0 0.025 0.025
        vertex 0.03042036191360056 0.0019357666110846087 0.004663993795557826
    endloop
endfacet
facet normal 0 0 0
    outer loop
        vertex 0.03674717355539685 0.019957858518359895 0.00196344105845565
        vertex 0.019322451347539626 0.02681267900530352 -0.020878531903174433
        vertex 0.0 0.025 0.025
    endloop
endfacet
facet normal 0 0 0
    outer loop
        vertex 0.019322451347539626 0.02681267900530352 -0.020878531903174433
        vertex 0.03042036191360056 0.0019357666110846087 0.004663993795557826
        vertex 0.0 0.025 0.025
    endloop
endfacet
facet normal 0 0 0
    outer loop
        vertex 0.0 0.0 0.0
        vertex 0.0 0.025 0.025
        vertex 0.0 0.025 0.0
    endloop
endfacet
facet normal 0 0 0
    outer loop
        vertex 0.0 0.025 0.025
        vertex 0.019322451347539626 0.02681267900530352 -0.020878531903174433
        vertex 0.0 0.025 0.0
    endloop
endfacet
facet normal 0 0 0
    outer loop
        vertex 0.0 0.025 0.025
        vertex 0.0 0.0 0.0
        vertex 0.019322451347539626 0.02681267900530352 -0.020878531903174433
    endloop
endfacet
facet normal 0 0 0
    outer loop
        vertex 0.0 0.0 0.0
        vertex 0.0 0.025 0.0
        vertex 0.019322451347539626 0.02681267900530352 -0.020878531903174433
    endloop
endfacet
facet normal 0 0 0
    outer loop
        vertex 0.012776218954014928 -0.004229883211379429 -0.024221140588974135
        vertex 0.03858066707377793 0.019078991085164917 -0.053960228107154506
        vertex 0.03269012465345079 -0.0076841089245296154 -0.056753722859495044
    endloop
endfacet
facet normal 0 0 0
    outer loop
        vertex 0.03858066707377793 0.019078991085164917 -0.053960228107154506
        vertex 0.060385689028267915 -0.0064159152366015494 -0.029073055672460213
        vertex 0.03269012465345079 -0.0076841089245296154 -0.056753722859495044
    endloop
endfacet
facet normal 0 0 0
    outer loop
        vertex 0.03858066707377793 0.019078991085164917 -0.053960228107154506
        vertex 0.012776218954014928 -0.004229883211379429 -0.024221140588974135
        vertex 0.060385689028267915 -0.0064159152366015494 -0.029073055672460213
    endloop
endfacet
facet normal 0 0 0
    outer loop
        vertex 0.012776218954014928 -0.004229883211379429 -0.024221140588974135
        vertex 0.03269012465345079 -0.0076841089245296154 -0.056753722859495044
        vertex 0.060385689028267915 -0.0064159152366015494 -0.029073055672460213
    endloop
endfacet
facet normal 0 0 0
    outer loop
        vertex 0.012776218954014928 -0.004229883211379429 -0.024221140588974135
        vertex 0.03042036191360056 0.0019357666110846087 0.004663993795557826
        vertex 0.03674717355539685 0.019957858518359895 0.00196344105845565
    endloop
endfacet
facet normal 0 0 0
    outer loop
        vertex 0.03042036191360056 0.0019357666110846087 0.004663993795557826
        vertex 0.060385689028267915 -0.0064159152366015494 -0.029073055672460213
        vertex 0.03674717355539685 0.019957858518359895 0.00196344105845565
    endloop
endfacet
facet normal 0 0 0
    outer loop
        vertex 0.03042036191360056 0.0019357666110846087 0.004663993795557826
        vertex 0.012776218954014928 -0.004229883211379429 -0.024221140588974135
        vertex 0.060385689028267915 -0.0064159152366015494 -0.029073055672460213
    endloop
endfacet
facet normal 0 0 0
    outer loop
        vertex 0.012776218954014928 -0.004229883211379429 -0.024221140588974135
        vertex 0.03674717355539685 0.019957858518359895 0.00196344105845565
        vertex 0.060385689028267915 -0.0064159152366015494 -0.029073055672460213
    endloop
endfacet
facet normal 0 0 0
    outer loop
        vertex 0.012776218954014928 -0.004229883211379429 -0.024221140588974135
        vertex 0.03858066707377793 0.019078991085164917 -0.053960228107154506
        vertex 0.060385689028267915 -0.0064159152366015494 -0.029073055672460213
    endloop
endfacet
facet normal 0 0 0
    outer loop
        vertex 0.03858066707377793 0.019078991085164917 -0.053960228107154506
        vertex 0.03674717355539685 0.019957858518359895 0.00196344105845565
        vertex 0.060385689028267915 -0.0064159152366015494 -0.029073055672460213
    endloop
endfacet
facet normal 0 0 0
    outer loop
        vertex 0.03858066707377793 0.019078991085164917 -0.053960228107154506
        vertex 0.012776218954014928 -0.004229883211379429 -0.024221140588974135
        vertex 0.03674717355539685 0.019957858518359895 0.00196344105845565
    endloop
endfacet
facet normal 0 0 0
    outer loop
        vertex 0.012776218954014928 -0.004229883211379429 -0.024221140588974135
        vertex 0.060385689028267915 -0.0064159152366015494 -0.029073055672460213
        vertex 0.03674717355539685 0.019957858518359895 0.00196344105845565
    endloop
endfacet
facet normal 0 0 0
    outer loop
        vertex 0.03858066707377793 0.019078991085164917 -0.053960228107154506
        vertex 0.06624036184373007 0.01577816154660596 -0.029789747607558592
        vertex 0.060385689028267915 -0.0064159152366015494 -0.029073055672460213
    endloop
endfacet
facet normal 0 0 0
    outer loop
        vertex 0.06624036184373007 0.01577816154660596 -0.029789747607558592
        vertex 0.03674717355539685 0.019957858518359895 0.00196344105845565
        vertex 0.060385689028267915 -0.0064159152366015494 -0.029073055672460213
    endloop
endfacet
facet normal 0 0 0
    outer loop
        vertex 0.06624036184373007 0.01577816154660596 -0.029789747607558592
        vertex 0.03858066707377793 0.019078991085164917 -0.053960228107154506
        vertex 0.03674717355539685 0.019957858518359895 0.00196344105845565
    endloop
endfacet
facet normal 0 0 0
    outer loop
        vertex 0.03858066707377793 0.019078991085164917 -0.053960228107154506
        vertex 0.060385689028267915 -0.0064159152366015494 -0.029073055672460213
        vertex 0.03674717355539685 0.019957858518359895 0.00196344105845565
    endloop
endfacet
facet normal 0 0 0
    outer loop
        vertex 0.012776218954014928 -0.004229883211379429 -0.024221140588974135
        vertex 0.03674717355539685 0.019957858518359895 0.00196344105845565
        vertex 0.019322451347539626 0.02681267900530352 -0.020878531903174433
    endloop
endfacet
facet normal 0 0 0
    outer loop
        vertex 0.03674717355539685 0.019957858518359895 0.00196344105845565
        vertex 0.03858066707377793 0.019078991085164917 -0.053960228107154506
        vertex 0.019322451347539626 0.02681267900530352 -0.020878531903174433
    endloop
endfacet
facet normal 0 0 0
    outer loop
        vertex 0.03674717355539685 0.019957858518359895 0.00196344105845565
        vertex 0.012776218954014928 -0.004229883211379429 -0.024221140588974135
        vertex 0.03858066707377793 0.019078991085164917 -0.053960228107154506
    endloop
endfacet
facet normal 0 0 0
    outer loop
        vertex 0.012776218954014928 -0.004229883211379429 -0.024221140588974135
        vertex 0.019322451347539626 0.02681267900530352 -0.020878531903174433
        vertex 0.03858066707377793 0.019078991085164917 -0.053960228107154506
    endloop
endfacet
facet normal 0 0 0
    outer loop
        vertex 0.03269012465345079 -0.0076841089245296154 -0.056753722859495044
        vertex 0.06202373429982545 0.01231332180449875 -0.08805858493515688
        vertex 0.055681847949551604 -0.011911210624376344 -0.09156908863495423
    endloop
endfacet
facet normal 0 0 0
    outer loop
        vertex 0.06202373429982545 0.01231332180449875 -0.08805858493515688
        vertex 0.08622314823673995 -0.013613267315106906 -0.06357898126177797
        vertex 0.055681847949551604 -0.011911210624376344 -0.09156908863495423
    endloop
endfacet
facet normal 0 0 0
    outer loop
        vertex 0.06202373429982545 0.01231332180449875 -0.08805858493515688
        vertex 0.03269012465345079 -0.0076841089245296154 -0.056753722859495044
        vertex 0.08622314823673995 -0.013613267315106906 -0.06357898126177797
    endloop
endfacet
facet normal 0 0 0
    outer loop
        vertex 0.03269012465345079 -0.0076841089245296154 -0.056753722859495044
        vertex 0.055681847949551604 -0.011911210624376344 -0.09156908863495423
        vertex 0.08622314823673995 -0.013613267315106906 -0.06357898126177797
    endloop
endfacet
facet normal 0 0 0
    outer loop
        vertex 0.03269012465345079 -0.0076841089245296154 -0.056753722859495044
        vertex 0.060385689028267915 -0.0064159152366015494 -0.029073055672460213
        vertex 0.06624036184373007 0.01577816154660596 -0.029789747607558592
    endloop
endfacet
facet normal 0 0 0
    outer loop
        vertex 0.060385689028267915 -0.0064159152366015494 -0.029073055672460213
        vertex 0.08622314823673995 -0.013613267315106906 -0.06357898126177797
        vertex 0.06624036184373007 0.01577816154660596 -0.029789747607558592
    endloop
endfacet
facet normal 0 0 0
    outer loop
        vertex 0.060385689028267915 -0.0064159152366015494 -0.029073055672460213
        vertex 0.03269012465345079 -0.0076841089245296154 -0.056753722859495044
        vertex 0.08622314823673995 -0.013613267315106906 -0.06357898126177797
    endloop
endfacet
facet normal 0 0 0
    outer loop
        vertex 0.03269012465345079 -0.0076841089245296154 -0.056753722859495044
        vertex 0.06624036184373007 0.01577816154660596 -0.029789747607558592
        vertex 0.08622314823673995 -0.013613267315106906 -0.06357898126177797
    endloop
endfacet
facet normal 0 0 0
    outer loop
        vertex 0.03269012465345079 -0.0076841089245296154 -0.056753722859495044
        vertex 0.06202373429982545 0.01231332180449875 -0.08805858493515688
        vertex 0.08622314823673995 -0.013613267315106906 -0.06357898126177797
    endloop
endfacet
facet normal 0 0 0
    outer loop
        vertex 0.06202373429982545 0.01231332180449875 -0.08805858493515688
        vertex 0.06624036184373007 0.01577816154660596 -0.029789747607558592
        vertex 0.08622314823673995 -0.013613267315106906 -0.06357898126177797
    endloop
endfacet
facet normal 0 0 0
    outer loop
        vertex 0.06202373429982545 0.01231332180449875 -0.08805858493515688
        vertex 0.03269012465345079 -0.0076841089245296154 -0.056753722859495044
        vertex 0.06624036184373007 0.01577816154660596 -0.029789747607558592
    endloop
endfacet
facet normal 0 0 0
    outer loop
        vertex 0.03269012465345079 -0.0076841089245296154 -0.056753722859495044
        vertex 0.08622314823673995 -0.013613267315106906 -0.06357898126177797
        vertex 0.06624036184373007 0.01577816154660596 -0.029789747607558592
    endloop
endfacet
facet normal 0 0 0
    outer loop
        vertex 0.06202373429982545 0.01231332180449875 -0.08805858493515688
        vertex 0.09160823719797742 0.010539268972599082 -0.06234671714501725
        vertex 0.08622314823673995 -0.013613267315106906 -0.06357898126177797
    endloop
endfacet
facet normal 0 0 0
    outer loop
        vertex 0.09160823719797742 0.010539268972599082 -0.06234671714501725
        vertex 0.06624036184373007 0.01577816154660596 -0.029789747607558592
        vertex 0.08622314823673995 -0.013613267315106906 -0.06357898126177797
    endloop
endfacet
facet normal 0 0 0
    outer loop
        vertex 0.09160823719797742 0.010539268972599082 -0.06234671714501725
        vertex 0.06202373429982545 0.01231332180449875 -0.08805858493515688
        vertex 0.06624036184373007 0.01577816154660596 -0.029789747607558592
    endloop
endfacet
facet normal 0 0 0
    outer loop
        vertex 0.06202373429982545 0.01231332180449875 -0.08805858493515688
        vertex 0.08622314823673995 -0.013613267315106906 -0.06357898126177797
        vertex 0.06624036184373007 0.01577816154660596 -0.029789747607558592
    endloop
endfacet
facet normal 0 0 0
    outer loop
        vertex 0.03269012465345079 -0.0076841089245296154 -0.056753722859495044
        vertex 0.06624036184373007 0.01577816154660596 -0.029789747607558592
        vertex 0.03858066707377793 0.019078991085164917 -0.053960228107154506
    endloop
endfacet
facet normal 0 0 0
    outer loop
        vertex 0.06624036184373007 0.01577816154660596 -0.029789747607558592
        vertex 0.06202373429982545 0.01231332180449875 -0.08805858493515688
        vertex 0.03858066707377793 0.019078991085164917 -0.053960228107154506
    endloop
endfacet
facet normal 0 0 0
    outer loop
        vertex 0.06624036184373007 0.01577816154660596 -0.029789747607558592
        vertex 0.03269012465345079 -0.0076841089245296154 -0.056753722859495044
        vertex 0.06202373429982545 0.01231332180449875 -0.08805858493515688
    endloop
endfacet
facet normal 0 0 0
    outer loop
        vertex 0.03269012465345079 -0.0076841089245296154 -0.056753722859495044
        vertex 0.03858066707377793 0.019078991085164917 -0.053960228107154506
        vertex 0.06202373429982545 0.01231332180449875 -0.08805858493515688
    endloop
endfacet
endsolid