solid tet_mesh
facet normal 0 0 0
    outer loop
        vertex 0.0 0.0 0.0
        vertex 0.021769443734045612 0.026997756290684016 -0.014100285091886216
        vertex 0.013995066801176872 0.0012356311366905344 -0.018941499876557886
    endloop
endfacet
facet normal 0 0 0
    outer loop
        vertex 0.021769443734045612 0.026997756290684016 -0.014100285091886216
        vertex 0.02774214009226171 -0.00031314236794564805 0.0046332548015663964
        vertex 0.013995066801176872 0.0012356311366905344 -0.018941499876557886
    endloop
endfacet
facet normal 0 0 0
    outer loop
        vertex 0.021769443734045612 0.026997756290684016 -0.014100285091886216
        vertex 0.0 0.0 0.0
        vertex 0.02774214009226171 -0.00031314236794564805 0.0046332548015663964
    endloop
endfacet
facet normal 0 0 0
    outer loop
        vertex 0.0 0.0 0.0
        vertex 0.013995066801176872 0.0012356311366905344 -0.018941499876557886
        vertex 0.02774214009226171 -0.00031314236794564805 0.0046332548015663964
    endloop
endfacet
facet normal 0 0 0
    outer loop
        vertex 0.0 0.0 0.0
        vertex 0.0 0.0 0.025
        vertex 0.0 0.025 0.025
    endloop
endfacet
facet normal 0 0 0
    outer loop
        vertex 0.0 0.0 0.025
        vertex 0.02774214009226171 -0.00031314236794564805 0.0046332548015663964
        vertex 0.0 0.025 0.025
    endloop
endfacet
facet normal 0 0 0
    outer loop
        vertex 0.0 0.0 0.025
        vertex 0.0 0.0 0.0
        vertex 0.02774214009226171 -0.00031314236794564805 0.0046332548015663964
    endloop
endfacet
facet normal 0 0 0
    outer loop
        vertex 0.0 0.0 0.0
        vertex 0.0 0.025 0.025
        vertex 0.02774214009226171 -0.00031314236794564805 0.0046332548015663964
    endloop
endfacet
facet normal 0 0 0
    outer loop
        vertex 0.0 0.0 0.0
        vertex 0.021769443734045612 0.026997756290684016 -0.014100285091886216
        vertex 0.02774214009226171 -0.00031314236794564805 0.0046332548015663964
    endloop
endfacet
facet normal 0 0 0
    outer loop
        vertex 0.021769443734045612 0.026997756290684016 -0.014100285091886216
        vertex 0.0 0.025 0.025
        vertex 0.02774214009226171 -0.00031314236794564805 0.0046332548015663964
    endloop
endfacet
facet normal 0 0 0
    outer loop
        vertex 0.021769443734045612 0.026997756290684016 -0.014100285091886216
        vertex 0.0 0.0 0.0
        vertex 0.0 0.025 0.025
    endloop
endfacet
facet normal 0 0 0
    outer loop
        vertex 0.0 0.0 0.0
        vertex 0.02774214009226171 -0.00031314236794564805 0.0046332548015663964
        vertex 0.0 0.025 0.025
    endloop
endfacet
facet normal 0 0 0
    outer loop
        vertex 0.021769443734045612 0.026997756290684016 -0.014100285091886216
        vertex 0.03263624804049099 0.0196322180367805 0.002812279732211695
        vertex 0.02774214009226171 -0.00031314236794564805 0.0046332548015663964
    endloop
endfacet
facet normal 0 0 0
    outer loop
        vertex 0.03263624804049099 0.0196322180367805 0.002812279732211695
        vertex 0.0 0.025 0.025
        vertex 0.02774214009226171 -0.00031314236794564805 0.0046332548015663964
    endloop
endfacet
facet normal 0 0 0
    outer loop
        vertex 0.03263624804049099 0.0196322180367805 0.002812279732211695
        vertex 0.021769443734045612 0.026997756290684016 -0.014100285091886216
        vertex 0.0 0.025 0.025
    endloop
endfacet
facet normal 0 0 0
    outer loop
        vertex 0.021769443734045612 0.026997756290684016 -0.014100285091886216
        vertex 0.02774214009226171 -0.00031314236794564805 0.0046332548015663964
        vertex 0.0 0.025 0.025
    endloop
endfacet
facet normal 0 0 0
    outer loop
        vertex 0.0 0.0 0.0
        vertex 0.0 0.025 0.025
        vertex 0.0 0.025 0.0
    endloop
endfacet
facet normal 0 0 0
    outer loop
        vertex 0.0 0.025 0.025
        vertex 0.021769443734045612 0.026997756290684016 -0.014100285091886216
        vertex 0.0 0.025 0.0
    endloop
endfacet
facet normal 0 0 0
    outer loop
        vertex 0.0 0.025 0.025
        vertex 0.0 0.0 0.0
        vertex 0.021769443734045612 0.026997756290684016 -0.014100285091886216
    endloop
endfacet
facet normal 0 0 0
    outer loop
        vertex 0.0 0.0 0.0
        vertex 0.0 0.025 0.0
        vertex 0.021769443734045612 0.026997756290684016 -0.014100285091886216
    endloop
endfacet
facet normal 0 0 0
    outer loop
        vertex 0.013995066801176872 0.0012356311366905344 -0.018941499876557886
        vertex 0.036398743815450114 0.022559414832897424 -0.03742313991373549
        vertex 0.02936197298265278 -0.000867849840552949 -0.039683345189124926
    endloop
endfacet
facet normal 0 0 0
    outer loop
        vertex 0.036398743815450114 0.022559414832897424 -0.03742313991373549
        vertex 0.045538908945916175 -0.005833570728708176 -0.02007108483012479
        vertex 0.02936197298265278 -0.000867849840552949 -0.039683345189124926
    endloop
endfacet
facet normal 0 0 0
    outer loop
        vertex 0.036398743815450114 0.022559414832897424 -0.03742313991373549
        vertex 0.013995066801176872 0.0012356311366905344 -0.018941499876557886
        vertex 0.045538908945916175 -0.005833570728708176 -0.02007108483012479
    endloop
endfacet
facet normal 0 0 0
    outer loop
        vertex 0.013995066801176872 0.0012356311366905344 -0.018941499876557886
        vertex 0.02936197298265278 -0.000867849840552949 -0.039683345189124926
        vertex 0.045538908945916175 -0.005833570728708176 -0.02007108483012479
    endloop
endfacet
facet normal 0 0 0
    outer loop
        vertex 0.013995066801176872 0.0012356311366905344 -0.018941499876557886
        vertex 0.02774214009226171 -0.00031314236794564805 0.0046332548015663964
        vertex 0.03263624804049099 0.0196322180367805 0.002812279732211695
    endloop
endfacet
facet normal 0 0 0
    outer loop
        vertex 0.02774214009226171 -0.00031314236794564805 0.0046332548015663964
        vertex 0.045538908945916175 -0.005833570728708176 -0.02007108483012479
        vertex 0.03263624804049099 0.0196322180367805 0.002812279732211695
    endloop
endfacet
facet normal 0 0 0
    outer loop
        vertex 0.02774214009226171 -0.00031314236794564805 0.0046332548015663964
        vertex 0.013995066801176872 0.0012356311366905344 -0.018941499876557886
        vertex 0.045538908945916175 -0.005833570728708176 -0.02007108483012479
    endloop
endfacet
facet normal 0 0 0
    outer loop
        vertex 0.013995066801176872 0.0012356311366905344 -0.018941499876557886
        vertex 0.03263624804049099 0.0196322180367805 0.002812279732211695
        vertex 0.045538908945916175 -0.005833570728708176 -0.02007108483012479
    endloop
endfacet
facet normal 0 0 0
    outer loop
        vertex 0.013995066801176872 0.0012356311366905344 -0.018941499876557886
        vertex 0.036398743815450114 0.022559414832897424 -0.03742313991373549
        vertex 0.045538908945916175 -0.005833570728708176 -0.02007108483012479
    endloop
endfacet
facet normal 0 0 0
    outer loop
        vertex 0.036398743815450114 0.022559414832897424 -0.03742313991373549
        vertex 0.03263624804049099 0.0196322180367805 0.002812279732211695
        vertex 0.045538908945916175 -0.005833570728708176 -0.02007108483012479
    endloop
endfacet
facet normal 0 0 0
    outer loop
        vertex 0.036398743815450114 0.022559414832897424 -0.03742313991373549
        vertex 0.013995066801176872 0.0012356311366905344 -0.018941499876557886
        vertex 0.03263624804049099 0.0196322180367805 0.002812279732211695
    endloop
endfacet
facet normal 0 0 0
    outer loop
        vertex 0.013995066801176872 0.0012356311366905344 -0.018941499876557886
        vertex 0.045538908945916175 -0.005833570728708176 -0.02007108483012479
        vertex 0.03263624804049099 0.0196322180367805 0.002812279732211695
    endloop
endfacet
facet normal 0 0 0
    outer loop
        vertex 0.036398743815450114 0.022559414832897424 -0.03742313991373549
        vertex 0.051395537851100355 0.016629536860094857 -0.019938692114728478
        vertex 0.045538908945916175 -0.005833570728708176 -0.02007108483012479
    endloop
endfacet
facet normal 0 0 0
    outer loop
        vertex 0.051395537851100355 0.016629536860094857 -0.019938692114728478
        vertex 0.03263624804049099 0.0196322180367805 0.002812279732211695
        vertex 0.045538908945916175 -0.005833570728708176 -0.02007108483012479
    endloop
endfacet
facet normal 0 0 0
    outer loop
        vertex 0.051395537851100355 0.016629536860094857 -0.019938692114728478
        vertex 0.036398743815450114 0.022559414832897424 -0.03742313991373549
        vertex 0.03263624804049099 0.0196322180367805 0.002812279732211695
    endloop
endfacet
facet normal 0 0 0
    outer loop
        vertex 0.036398743815450114 0.022559414832897424 -0.03742313991373549
        vertex 0.045538908945916175 -0.005833570728708176 -0.02007108483012479
        vertex 0.03263624804049099 0.0196322180367805 0.002812279732211695
    endloop
endfacet
facet normal 0 0 0
    outer loop
        vertex 0.013995066801176872 0.0012356311366905344 -0.018941499876557886
        vertex 0.03263624804049099 0.0196322180367805 0.002812279732211695
        vertex 0.021769443734045612 0.026997756290684016 -0.014100285091886216
    endloop
endfacet
facet normal 0 0 0
    outer loop
        vertex 0.03263624804049099 0.0196322180367805 0.002812279732211695
        vertex 0.036398743815450114 0.022559414832897424 -0.03742313991373549
        vertex 0.021769443734045612 0.026997756290684016 -0.014100285091886216
    endloop
endfacet
facet normal 0 0 0
    outer loop
        vertex 0.03263624804049099 0.0196322180367805 0.002812279732211695
        vertex 0.013995066801176872 0.0012356311366905344 -0.018941499876557886
        vertex 0.036398743815450114 0.022559414832897424 -0.03742313991373549
    endloop
endfacet
facet normal 0 0 0
    outer loop
        vertex 0.013995066801176872 0.0012356311366905344 -0.018941499876557886
        vertex 0.021769443734045612 0.026997756290684016 -0.014100285091886216
        vertex 0.036398743815450114 0.022559414832897424 -0.03742313991373549
    endloop
endfacet
facet normal 0 0 0
    outer loop
        vertex 0.02936197298265278 -0.000867849840552949 -0.039683345189124926
        vertex 0.05293727362087332 0.01835185927850779 -0.05810236009331842
        vertex 0.04608088161273673 -0.0039983365076370694 -0.059865160386505904
    endloop
endfacet
facet normal 0 0 0
    outer loop
        vertex 0.05293727362087332 0.01835185927850779 -0.05810236009331842
        vertex 0.06202321661085451 -0.010463984830141035 -0.040266313190922824
        vertex 0.04608088161273673 -0.0039983365076370694 -0.059865160386505904
    endloop
endfacet
facet normal 0 0 0
    outer loop
        vertex 0.05293727362087332 0.01835185927850779 -0.05810236009331842
        vertex 0.02936197298265278 -0.000867849840552949 -0.039683345189124926
        vertex 0.06202321661085451 -0.010463984830141035 -0.040266313190922824
    endloop
endfacet
facet normal 0 0 0
    outer loop
        vertex 0.02936197298265278 -0.000867849840552949 -0.039683345189124926
        vertex 0.04608088161273673 -0.0039983365076370694 -0.059865160386505904
        vertex 0.06202321661085451 -0.010463984830141035 -0.040266313190922824
    endloop
endfacet
facet normal 0 0 0
    outer loop
        vertex 0.02936197298265278 -0.000867849840552949 -0.039683345189124926
        vertex 0.045538908945916175 -0.005833570728708176 -0.02007108483012479
        vertex 0.051395537851100355 0.016629536860094857 -0.019938692114728478
    endloop
endfacet
facet normal 0 0 0
    outer loop
        vertex 0.045538908945916175 -0.005833570728708176 -0.02007108483012479
        vertex 0.06202321661085451 -0.010463984830141035 -0.040266313190922824
        vertex 0.051395537851100355 0.016629536860094857 -0.019938692114728478
    endloop
endfacet
facet normal 0 0 0
    outer loop
        vertex 0.045538908945916175 -0.005833570728708176 -0.02007108483012479
        vertex 0.02936197298265278 -0.000867849840552949 -0.039683345189124926
        vertex 0.06202321661085451 -0.010463984830141035 -0.040266313190922824
    endloop
endfacet
facet normal 0 0 0
    outer loop
        vertex 0.02936197298265278 -0.000867849840552949 -0.039683345189124926
        vertex 0.051395537851100355 0.016629536860094857 -0.019938692114728478
        vertex 0.06202321661085451 -0.010463984830141035 -0.040266313190922824
    endloop
endfacet
facet normal 0 0 0
    outer loop
        vertex 0.02936197298265278 -0.000867849840552949 -0.039683345189124926
        vertex 0.05293727362087332 0.01835185927850779 -0.05810236009331842
        vertex 0.06202321661085451 -0.010463984830141035 -0.040266313190922824
    endloop
endfacet
facet normal 0 0 0
    outer loop
        vertex 0.05293727362087332 0.01835185927850779 -0.05810236009331842
        vertex 0.051395537851100355 0.016629536860094857 -0.019938692114728478
        vertex 0.06202321661085451 -0.010463984830141035 -0.040266313190922824
    endloop
endfacet
facet normal 0 0 0
    outer loop
        vertex 0.05293727362087332 0.01835185927850779 -0.05810236009331842
        vertex 0.02936197298265278 -0.000867849840552949 -0.039683345189124926
        vertex 0.051395537851100355 0.016629536860094857 -0.019938692114728478
    endloop
endfacet
facet normal 0 0 0
    outer loop
        vertex 0.02936197298265278 -0.000867849840552949 -0.039683345189124926
        vertex 0.06202321661085451 -0.010463984830141035 -0.040266313190922824
        vertex 0.051395537851100355 0.016629536860094857 -0.019938692114728478
    endloop
endfacet
facet normal 0 0 0
    outer loop
        vertex 0.05293727362087332 0.01835185927850779 -0.05810236009331842
        vertex 0.06854320259515487 0.01275563441184651 -0.03870009275289183
        vertex 0.06202321661085451 -0.010463984830141035 -0.040266313190922824
    endloop
endfacet
facet normal 0 0 0
    outer loop
        vertex 0.06854320259515487 0.01275563441184651 -0.03870009275289183
        vertex 0.051395537851100355 0.016629536860094857 -0.019938692114728478
        vertex 0.06202321661085451 -0.010463984830141035 -0.040266313190922824
    endloop
endfacet
facet normal 0 0 0
    outer loop
        vertex 0.06854320259515487 0.01275563441184651 -0.03870009275289183
        vertex 0.05293727362087332 0.01835185927850779 -0.05810236009331842
        vertex 0.051395537851100355 0.016629536860094857 -0.019938692114728478
    endloop
endfacet
facet normal 0 0 0
    outer loop
        vertex 0.05293727362087332 0.01835185927850779 -0.05810236009331842
        vertex 0.06202321661085451 -0.010463984830141035 -0.040266313190922824
        vertex 0.051395537851100355 0.016629536860094857 -0.019938692114728478
    endloop
endfacet
facet normal 0 0 0
    outer loop
        vertex 0.02936197298265278 -0.000867849840552949 -0.039683345189124926
        vertex 0.051395537851100355 0.016629536860094857 -0.019938692114728478
        vertex 0.036398743815450114 0.022559414832897424 -0.03742313991373549
    endloop
endfacet
facet normal 0 0 0
    outer loop
        vertex 0.051395537851100355 0.016629536860094857 -0.019938692114728478
        vertex 0.05293727362087332 0.01835185927850779 -0.05810236009331842
        vertex 0.036398743815450114 0.022559414832897424 -0.03742313991373549
    endloop
endfacet
facet normal 0 0 0
    outer loop
        vertex 0.051395537851100355 0.016629536860094857 -0.019938692114728478
        vertex 0.02936197298265278 -0.000867849840552949 -0.039683345189124926
        vertex 0.05293727362087332 0.01835185927850779 -0.05810236009331842
    endloop
endfacet
facet normal 0 0 0
    outer loop
        vertex 0.02936197298265278 -0.000867849840552949 -0.039683345189124926
        vertex 0.036398743815450114 0.022559414832897424 -0.03742313991373549
        vertex 0.05293727362087332 0.01835185927850779 -0.05810236009331842
    endloop
endfacet
endsolid